Época	Error de test	Error train	Array de pesos
0	0,15	0,144444444444	
1	0,15	0,0888888888889	
2	0,15	0,0777777777778	
3	0,133333333333	0,0777777777778	
4	0,133333333333	0,0666666666667	
5	0,15	0,0444444444444	
6	0,15	0,0444444444444	
7	0,15	0,0444444444444	
8	0,15	0,0444444444444	
9	0,15	0,0444444444444	
10	0,15	0,0444444444444	
11	0,133333333333	0,0444444444444	
12	0,133333333333	0,0444444444444	
13	0,133333333333	0,0333333333333	
14	0,116666666667	0,0333333333333	
15	0,116666666667	0,0333333333333	
16	0,116666666667	0,0333333333333	
17	0,1	0,0333333333333	
18	0,1	0,0333333333333	
19	0,1	0,0333333333333	
20	0,1	0,0333333333333	
21	0,1	0,0333333333333	
22	0,1	0,0333333333333	
23	0,1	0,0333333333333	
24	0,1	0,0333333333333	
25	0,1	0,0333333333333	
26	0,1	0,0333333333333	
27	0,1	0,0333333333333	
28	0,1	0,0222222222222	
29	0,1	0,0222222222222	
30	0,1	0,0222222222222	
31	0,1	0,0222222222222	
32	0,1	0,0222222222222	
33	0,0833333333333	0,0222222222222	
34	0,0833333333333	0,0222222222222	
35	0,0833333333333	0,0222222222222	
36	0,0833333333333	0,0222222222222	
37	0,0833333333333	0,0222222222222	
38	0,0833333333333	0,0222222222222	
39	0,0833333333333	0,0222222222222	
40	0,0833333333333	0,0222222222222	
41	0,0833333333333	0,0222222222222	
42	0,0833333333333	0,0222222222222	
43	0,0833333333333	0,0222222222222	
44	0,0833333333333	0,0222222222222	
45	0,0833333333333	0,0222222222222	
46	0,0833333333333	0,0222222222222	
47	0,0833333333333	0,0222222222222	
48	0,0833333333333	0,0222222222222	
49	0,0833333333333	0,0222222222222	
50	0,0833333333333	0,0222222222222	
51	0,0833333333333	0,0222222222222	
52	0,0833333333333	0,0222222222222	
53	0,0833333333333	0,0222222222222	
54	0,0833333333333	0,0222222222222	
55	0,0833333333333	0,0222222222222	
56	0,0833333333333	0,0222222222222	
57	0,0833333333333	0,0222222222222	
58	0,0833333333333	0,0222222222222	
59	0,0833333333333	0,0222222222222	
60	0,0833333333333	0,0222222222222	
61	0,0833333333333	0,0222222222222	
62	0,0833333333333	0,0222222222222	
63	0,0833333333333	0,0222222222222	
64	0,0833333333333	0,0222222222222	
65	0,0833333333333	0,0222222222222	
66	0,0833333333333	0,0222222222222	
67	0,0833333333333	0,0222222222222	
68	0,0833333333333	0,0222222222222	
69	0,0833333333333	0,0222222222222	
70	0,0833333333333	0,0222222222222	
71	0,0833333333333	0,0222222222222	
72	0,0833333333333	0,0222222222222	
73	0,0833333333333	0,0222222222222	
74	0,0833333333333	0,0222222222222	
75	0,0833333333333	0,0222222222222	
76	0,0833333333333	0,0222222222222	
77	0,0833333333333	0,0222222222222	
78	0,0833333333333	0,0222222222222	
79	0,0833333333333	0,0222222222222	
80	0,0833333333333	0,0222222222222	
81	0,0833333333333	0,0222222222222	
82	0,0833333333333	0,0222222222222	
83	0,0833333333333	0,0222222222222	
84	0,0833333333333	0,0222222222222	
85	0,0833333333333	0,0222222222222	
86	0,0833333333333	0,0222222222222	
87	0,0833333333333	0,0222222222222	
88	0,0666666666667	0,0222222222222	
89	0,0666666666667	0,0222222222222	
90	0,0666666666667	0,0222222222222	
91	0,0666666666667	0,0222222222222	
92	0,0666666666667	0,0222222222222	
93	0,0666666666667	0,0222222222222	
94	0,0666666666667	0,0222222222222	
95	0,0666666666667	0,0222222222222	
96	0,0666666666667	0,0222222222222	
97	0,0666666666667	0,0222222222222	
98	0,0666666666667	0,0222222222222	
99	0,0666666666667	0,0222222222222	
100	0,0666666666667	0,0222222222222	
101	0,0666666666667	0,0222222222222	
102	0,0666666666667	0,0222222222222	
103	0,0666666666667	0,0222222222222	
104	0,0666666666667	0,0222222222222	
105	0,0666666666667	0,0222222222222	
106	0,0666666666667	0,0222222222222	
107	0,0666666666667	0,0222222222222	
108	0,0666666666667	0,0222222222222	
109	0,0666666666667	0,0222222222222	
110	0,0666666666667	0,0222222222222	
111	0,0666666666667	0,0222222222222	
112	0,0666666666667	0,0222222222222	
113	0,0666666666667	0,0222222222222	
114	0,0666666666667	0,0222222222222	
115	0,0666666666667	0,0222222222222	
116	0,0666666666667	0,0222222222222	
117	0,0666666666667	0,0222222222222	
118	0,0666666666667	0,0222222222222	
119	0,0666666666667	0,0222222222222	
120	0,0666666666667	0,0222222222222	
121	0,0666666666667	0,0222222222222	
122	0,0666666666667	0,0222222222222	
123	0,0666666666667	0,0222222222222	
124	0,0666666666667	0,0222222222222	
125	0,0666666666667	0,0222222222222	
126	0,0666666666667	0,0222222222222	
127	0,0666666666667	0,0222222222222	
128	0,0666666666667	0,0222222222222	
129	0,0666666666667	0,0222222222222	
130	0,0666666666667	0,0222222222222	
131	0,0666666666667	0,0222222222222	
132	0,0666666666667	0,0222222222222	
133	0,0666666666667	0,0222222222222	
134	0,0666666666667	0,0222222222222	
135	0,0666666666667	0,0222222222222	
136	0,0666666666667	0,0222222222222	
137	0,0666666666667	0,0222222222222	
138	0,0666666666667	0,0222222222222	
139	0,0666666666667	0,0222222222222	
140	0,0666666666667	0,0222222222222	
141	0,0666666666667	0,0222222222222	
142	0,0666666666667	0,0222222222222	
143	0,0666666666667	0,0222222222222	
144	0,0666666666667	0,0222222222222	
145	0,0666666666667	0,0222222222222	
146	0,0666666666667	0,0222222222222	
147	0,0666666666667	0,0222222222222	
148	0,0666666666667	0,0222222222222	
149	0,0666666666667	0,0222222222222	
150	0,0666666666667	0,0222222222222	
151	0,0666666666667	0,0222222222222	
152	0,0666666666667	0,0222222222222	
153	0,0666666666667	0,0222222222222	
154	0,0666666666667	0,0222222222222	
155	0,0666666666667	0,0222222222222	
156	0,0666666666667	0,0222222222222	
157	0,0666666666667	0,0222222222222	
158	0,0666666666667	0,0222222222222	
159	0,0666666666667	0,0222222222222	
160	0,0666666666667	0,0222222222222	
161	0,0666666666667	0,0222222222222	
162	0,0666666666667	0,0222222222222	
163	0,0666666666667	0,0222222222222	
164	0,0666666666667	0,0222222222222	
165	0,0666666666667	0,0222222222222	
166	0,0666666666667	0,0222222222222	
167	0,0666666666667	0,0222222222222	
168	0,0666666666667	0,0222222222222	
169	0,0666666666667	0,0222222222222	
170	0,0666666666667	0,0222222222222	
171	0,0666666666667	0,0222222222222	
172	0,0666666666667	0,0222222222222	
173	0,0666666666667	0,0222222222222	
174	0,0666666666667	0,0222222222222	
175	0,0666666666667	0,0222222222222	
176	0,0666666666667	0,0222222222222	
177	0,0666666666667	0,0222222222222	
178	0,0666666666667	0,0222222222222	
179	0,0666666666667	0,0222222222222	
180	0,0666666666667	0,0111111111111	
181	0,0666666666667	0,0111111111111	
182	0,0666666666667	0,0111111111111	
183	0,0666666666667	0,0111111111111	
184	0,0666666666667	0,0111111111111	
185	0,0666666666667	0,0111111111111	
186	0,0666666666667	0,0111111111111	
187	0,0666666666667	0,0111111111111	
188	0,0666666666667	0,0111111111111	
189	0,0666666666667	0,0111111111111	
190	0,0666666666667	0,0111111111111	
191	0,0666666666667	0,0111111111111	
192	0,0666666666667	0,0111111111111	
193	0,0666666666667	0,0111111111111	
194	0,0666666666667	0,0111111111111	
195	0,0666666666667	0,0111111111111	
196	0,0666666666667	0,0111111111111	
197	0,0666666666667	0,0111111111111	
198	0,0666666666667	0,0111111111111	
199	0,0666666666667	0,0111111111111	
200	0,0666666666667	0,0111111111111	
201	0,0666666666667	0,0111111111111	
202	0,0666666666667	0,0111111111111	
203	0,0666666666667	0,0111111111111	
204	0,0666666666667	0,0111111111111	
205	0,0666666666667	0,0111111111111	
206	0,0666666666667	0,0111111111111	
207	0,0666666666667	0,0111111111111	
208	0,0666666666667	0,0111111111111	
209	0,0666666666667	0,0111111111111	
210	0,0666666666667	0,0111111111111	
211	0,0666666666667	0,0111111111111	
212	0,0666666666667	0,0111111111111	
213	0,0666666666667	0,0111111111111	
214	0,0666666666667	0,0111111111111	
215	0,0666666666667	0,0111111111111	
216	0,0666666666667	0,0111111111111	
217	0,0666666666667	0,0111111111111	
218	0,0666666666667	0,0111111111111	
219	0,0666666666667	0,0111111111111	
220	0,0666666666667	0,0111111111111	
221	0,0666666666667	0,0111111111111	
222	0,0666666666667	0,0111111111111	
223	0,0666666666667	0,0111111111111	
224	0,0666666666667	0,0111111111111	
225	0,0666666666667	0,0111111111111	
226	0,0666666666667	0,0111111111111	
227	0,0666666666667	0,0111111111111	
228	0,0666666666667	0,0111111111111	
229	0,0666666666667	0,0111111111111	
230	0,0666666666667	0,0111111111111	
231	0,0666666666667	0,0111111111111	
232	0,0666666666667	0,0111111111111	
233	0,0666666666667	0,0111111111111	
234	0,0666666666667	0,0111111111111	
235	0,0666666666667	0,0111111111111	
236	0,0666666666667	0,0111111111111	
237	0,0666666666667	0,0111111111111	
238	0,0666666666667	0,0111111111111	
239	0,0666666666667	0,0111111111111	
240	0,0666666666667	0,0111111111111	
241	0,0666666666667	0,0111111111111	
242	0,0666666666667	0,0111111111111	
243	0,0666666666667	0,0111111111111	
244	0,0666666666667	0,0111111111111	
245	0,0666666666667	0,0111111111111	
246	0,0666666666667	0,0111111111111	
247	0,0666666666667	0,0111111111111	
248	0,0666666666667	0,0111111111111	
249	0,0666666666667	0,0111111111111	
250	0,0666666666667	0,0111111111111	
251	0,0666666666667	0,0111111111111	
252	0,0666666666667	0,0111111111111	
253	0,0666666666667	0,0111111111111	
254	0,0666666666667	0,0111111111111	
255	0,0666666666667	0,0111111111111	
256	0,0666666666667	0,0111111111111	
257	0,0666666666667	0,0111111111111	
258	0,0666666666667	0,0111111111111	
259	0,0666666666667	0,0111111111111	
260	0,0666666666667	0,0111111111111	
261	0,0666666666667	0,0111111111111	
262	0,0666666666667	0,0111111111111	
263	0,0666666666667	0,0111111111111	
264	0,0666666666667	0,0111111111111	
265	0,0666666666667	0,0111111111111	
266	0,0666666666667	0,0111111111111	
267	0,0666666666667	0,0111111111111	
268	0,0666666666667	0,0111111111111	
269	0,0666666666667	0,0111111111111	
270	0,0666666666667	0,0111111111111	
271	0,0666666666667	0,0111111111111	
272	0,0666666666667	0,0111111111111	
273	0,0666666666667	0,0111111111111	
274	0,0666666666667	0,0111111111111	
275	0,0666666666667	0,0111111111111	
276	0,0666666666667	0,0111111111111	
277	0,0666666666667	0,0111111111111	
278	0,0666666666667	0,0111111111111	
279	0,0666666666667	0,0111111111111	
280	0,0666666666667	0,0111111111111	
281	0,0666666666667	0,0111111111111	
282	0,0666666666667	0,0111111111111	
283	0,0666666666667	0,0111111111111	
284	0,0666666666667	0,0111111111111	
285	0,0666666666667	0,0111111111111	
286	0,0666666666667	0,0111111111111	
287	0,0666666666667	0,0111111111111	
288	0,0666666666667	0,0111111111111	
289	0,0666666666667	0,0111111111111	
290	0,0666666666667	0,0111111111111	
291	0,0666666666667	0,0111111111111	
292	0,0666666666667	0,0111111111111	
293	0,0666666666667	0,0111111111111	
294	0,0666666666667	0,0111111111111	
295	0,0666666666667	0,0111111111111	
296	0,0666666666667	0,0111111111111	
297	0,0666666666667	0,0111111111111	
298	0,0666666666667	0,0111111111111	
299	0,0666666666667	0,0111111111111	
300	0,0666666666667	0,0111111111111	
301	0,0666666666667	0,0111111111111	
302	0,0666666666667	0,0111111111111	
303	0,0666666666667	0,0111111111111	
304	0,0666666666667	0,0111111111111	
305	0,0666666666667	0,0111111111111	
306	0,0666666666667	0,0111111111111	
307	0,0666666666667	0,0111111111111	
308	0,0666666666667	0,0111111111111	
309	0,0666666666667	0,0111111111111	
310	0,0666666666667	0,0111111111111	
311	0,0666666666667	0,0111111111111	
312	0,0666666666667	0,0111111111111	
313	0,0666666666667	0,0111111111111	
314	0,0666666666667	0,0111111111111	
315	0,0666666666667	0,0111111111111	
316	0,0666666666667	0,0111111111111	
317	0,0666666666667	0,0111111111111	
318	0,0666666666667	0,0111111111111	
319	0,0666666666667	0,0111111111111	
320	0,0666666666667	0,0111111111111	
321	0,0666666666667	0,0111111111111	
322	0,0666666666667	0,0111111111111	
323	0,0666666666667	0,0111111111111	
324	0,0666666666667	0,0111111111111	
325	0,0666666666667	0,0111111111111	
326	0,0666666666667	0,0111111111111	
327	0,0666666666667	0,0111111111111	
328	0,0666666666667	0,0111111111111	
329	0,0666666666667	0,0111111111111	
330	0,0666666666667	0,0111111111111	
331	0,0666666666667	0,0111111111111	
332	0,0666666666667	0,0111111111111	
333	0,0666666666667	0,0111111111111	
334	0,0666666666667	0,0111111111111	
335	0,0666666666667	0,0111111111111	
336	0,0666666666667	0,0111111111111	
337	0,0666666666667	0,0111111111111	
338	0,0666666666667	0,0111111111111	
339	0,0666666666667	0,0111111111111	
340	0,0666666666667	0,0111111111111	
341	0,0666666666667	0,0111111111111	
342	0,0666666666667	0,0111111111111	
343	0,0666666666667	0,0111111111111	
344	0,0666666666667	0,0111111111111	
345	0,0666666666667	0,0111111111111	
346	0,0666666666667	0,0111111111111	
347	0,0666666666667	0,0111111111111	
348	0,0666666666667	0,0111111111111	
349	0,0666666666667	0,0111111111111	
350	0,0666666666667	0,0111111111111	
351	0,0666666666667	0,0111111111111	
352	0,0666666666667	0,0111111111111	
353	0,0666666666667	0,0111111111111	
354	0,0666666666667	0,0111111111111	
355	0,0666666666667	0,0111111111111	
356	0,0666666666667	0,0111111111111	
357	0,0666666666667	0,0111111111111	
358	0,0666666666667	0,0111111111111	
359	0,0666666666667	0,0111111111111	
360	0,0666666666667	0,0111111111111	
361	0,0666666666667	0,0111111111111	
362	0,0666666666667	0,0111111111111	
363	0,0666666666667	0,0111111111111	
364	0,0666666666667	0,0111111111111	
365	0,0666666666667	0,0111111111111	
366	0,0666666666667	0,0111111111111	
367	0,0666666666667	0,0111111111111	
368	0,0666666666667	0,0111111111111	
369	0,0666666666667	0,0111111111111	
370	0,0666666666667	0,0111111111111	
371	0,0666666666667	0,0111111111111	
372	0,0666666666667	0,0111111111111	
373	0,0666666666667	0,0111111111111	
374	0,0666666666667	0,0111111111111	
375	0,0666666666667	0,0111111111111	
376	0,0666666666667	0,0111111111111	
377	0,0666666666667	0,0111111111111	
378	0,0666666666667	0,0111111111111	
379	0,0666666666667	0,0111111111111	
380	0,0666666666667	0,0111111111111	
381	0,0666666666667	0,0111111111111	
382	0,0666666666667	0,0111111111111	
383	0,0666666666667	0,0111111111111	
384	0,0666666666667	0,0111111111111	
385	0,0666666666667	0,0111111111111	
386	0,0666666666667	0,0111111111111	
387	0,0666666666667	0,0111111111111	
388	0,0666666666667	0,0111111111111	
389	0,0666666666667	0,0111111111111	
390	0,0666666666667	0,0111111111111	
391	0,0666666666667	0,0111111111111	
392	0,0666666666667	0,0111111111111	
393	0,0666666666667	0,0111111111111	
394	0,0666666666667	0,0111111111111	
395	0,0666666666667	0,0111111111111	
396	0,0666666666667	0,0111111111111	
397	0,0666666666667	0,0111111111111	
398	0,0666666666667	0,0111111111111	
399	0,0666666666667	0,0111111111111	
400	0,0666666666667	0,0111111111111	
401	0,0666666666667	0,0111111111111	
402	0,0666666666667	0,0111111111111	
403	0,0666666666667	0,0111111111111	
404	0,0666666666667	0,0111111111111	
405	0,0666666666667	0,0111111111111	
406	0,0666666666667	0,0111111111111	
407	0,0666666666667	0,0111111111111	
408	0,0666666666667	0,0111111111111	
409	0,0666666666667	0,0111111111111	
410	0,0666666666667	0,0111111111111	
411	0,0666666666667	0,0111111111111	
412	0,0666666666667	0,0111111111111	
413	0,0666666666667	0,0111111111111	
414	0,0666666666667	0,0111111111111	
415	0,0666666666667	0,0111111111111	
416	0,0666666666667	0,0111111111111	
417	0,0666666666667	0,0111111111111	
418	0,0666666666667	0,0111111111111	
419	0,0666666666667	0,0111111111111	
420	0,0666666666667	0,0111111111111	
421	0,0666666666667	0,0111111111111	
422	0,0666666666667	0,0111111111111	
423	0,0666666666667	0,0111111111111	
424	0,0666666666667	0,0111111111111	
425	0,0666666666667	0,0111111111111	
426	0,0666666666667	0,0111111111111	
427	0,0666666666667	0,0111111111111	
428	0,0666666666667	0,0111111111111	
429	0,0666666666667	0,0111111111111	
430	0,0666666666667	0,0111111111111	
431	0,0666666666667	0,0111111111111	
432	0,0666666666667	0,0111111111111	
433	0,0666666666667	0,0111111111111	
434	0,0666666666667	0,0111111111111	
435	0,0666666666667	0,0111111111111	
436	0,0666666666667	0,0111111111111	
437	0,0666666666667	0,0111111111111	
438	0,0666666666667	0,0111111111111	
439	0,0666666666667	0,0111111111111	
440	0,0666666666667	0,0111111111111	
441	0,0666666666667	0,0111111111111	
442	0,0666666666667	0,0111111111111	
443	0,0666666666667	0,0111111111111	
444	0,0666666666667	0,0111111111111	
445	0,0666666666667	0,0111111111111	
446	0,0666666666667	0,0111111111111	
447	0,0666666666667	0,0111111111111	
448	0,0666666666667	0,0111111111111	
449	0,0666666666667	0,0111111111111	
450	0,0666666666667	0,0111111111111	
451	0,0666666666667	0,0111111111111	
452	0,0666666666667	0,0111111111111	
453	0,0666666666667	0,0111111111111	
454	0,0666666666667	0,0111111111111	
455	0,0666666666667	0,0111111111111	
456	0,0666666666667	0,0111111111111	
457	0,0666666666667	0,0111111111111	
458	0,0666666666667	0,0111111111111	
459	0,0666666666667	0,0111111111111	
460	0,0666666666667	0,0111111111111	
461	0,0666666666667	0,0111111111111	
462	0,0666666666667	0,0111111111111	
463	0,0666666666667	0,0111111111111	
464	0,0666666666667	0,0111111111111	
465	0,0666666666667	0,0111111111111	
466	0,0666666666667	0,0111111111111	
467	0,0666666666667	0,0111111111111	
468	0,0666666666667	0,0111111111111	
469	0,0666666666667	0,0111111111111	
470	0,0666666666667	0,0111111111111	
471	0,0666666666667	0,0111111111111	
472	0,0666666666667	0,0111111111111	
473	0,0666666666667	0,0111111111111	
474	0,0666666666667	0,0111111111111	
475	0,0666666666667	0,0111111111111	
476	0,0666666666667	0,0111111111111	
477	0,0666666666667	0,0111111111111	
478	0,0666666666667	0,0111111111111	
479	0,0666666666667	0,0111111111111	
480	0,0666666666667	0,0111111111111	
481	0,0666666666667	0,0111111111111	
482	0,0666666666667	0,0111111111111	
483	0,0666666666667	0,0111111111111	
484	0,0666666666667	0,0111111111111	
485	0,0666666666667	0,0111111111111	
486	0,0666666666667	0,0111111111111	
487	0,0666666666667	0,0111111111111	
488	0,0666666666667	0,0111111111111	
489	0,0666666666667	0,0111111111111	
490	0,0666666666667	0,0111111111111	
491	0,0666666666667	0,0111111111111	
492	0,0666666666667	0,0111111111111	
493	0,0666666666667	0,0111111111111	
494	0,0666666666667	0,0111111111111	
495	0,0666666666667	0,0111111111111	
496	0,0666666666667	0,0111111111111	
497	0,0666666666667	0,0111111111111	
498	0,0666666666667	0,0111111111111	
499	0,0666666666667	0,0111111111111	
500	0,0666666666667	0,0111111111111	
501	0,0666666666667	0,0111111111111	
502	0,0666666666667	0,0111111111111	
503	0,0666666666667	0,0111111111111	
504	0,0666666666667	0,0111111111111	
505	0,0666666666667	0,0111111111111	
506	0,0666666666667	0,0111111111111	
507	0,0666666666667	0,0111111111111	
508	0,0666666666667	0,0111111111111	
509	0,0666666666667	0,0111111111111	
510	0,0666666666667	0,0111111111111	
511	0,0666666666667	0,0111111111111	
512	0,0666666666667	0,0111111111111	
513	0,0666666666667	0,0111111111111	
514	0,0666666666667	0,0111111111111	
515	0,0666666666667	0,0111111111111	
516	0,0666666666667	0,0111111111111	
517	0,0666666666667	0,0111111111111	
518	0,0666666666667	0,0111111111111	
519	0,0666666666667	0,0111111111111	
520	0,0666666666667	0,0111111111111	
521	0,0666666666667	0,0111111111111	
522	0,0666666666667	0,0111111111111	
523	0,0666666666667	0,0111111111111	
524	0,0666666666667	0,0111111111111	
525	0,0666666666667	0,0111111111111	
526	0,0666666666667	0,0111111111111	
527	0,0666666666667	0,0111111111111	
528	0,0666666666667	0,0111111111111	
529	0,0666666666667	0,0111111111111	
530	0,0666666666667	0,0111111111111	
531	0,0666666666667	0,0111111111111	
532	0,0666666666667	0,0111111111111	
533	0,0666666666667	0,0111111111111	
534	0,0666666666667	0,0111111111111	
535	0,0666666666667	0,0111111111111	
536	0,0666666666667	0,0111111111111	
537	0,0666666666667	0,0111111111111	
538	0,0666666666667	0,0111111111111	
539	0,0666666666667	0,0111111111111	
540	0,0666666666667	0,0111111111111	
541	0,0666666666667	0,0111111111111	
542	0,0666666666667	0,0111111111111	
543	0,0666666666667	0,0111111111111	
544	0,0666666666667	0,0111111111111	
545	0,0666666666667	0,0111111111111	
546	0,0666666666667	0,0111111111111	
547	0,0666666666667	0,0111111111111	
548	0,0666666666667	0,0111111111111	
549	0,0666666666667	0,0111111111111	
550	0,0666666666667	0,0111111111111	
551	0,0666666666667	0,0111111111111	
552	0,0666666666667	0,0111111111111	
553	0,0666666666667	0,0111111111111	
554	0,0666666666667	0,0111111111111	
555	0,0666666666667	0,0111111111111	
556	0,0666666666667	0,0111111111111	
557	0,0666666666667	0,0111111111111	
558	0,0666666666667	0,0111111111111	
559	0,0666666666667	0,0111111111111	
560	0,0666666666667	0,0111111111111	
561	0,0666666666667	0,0111111111111	
562	0,0666666666667	0,0111111111111	
563	0,0666666666667	0,0111111111111	
564	0,0666666666667	0,0111111111111	
565	0,0666666666667	0,0111111111111	
566	0,0666666666667	0,0111111111111	
567	0,0666666666667	0,0111111111111	
568	0,0666666666667	0,0111111111111	
569	0,0666666666667	0,0111111111111	
570	0,0666666666667	0,0111111111111	
571	0,0666666666667	0,0111111111111	
572	0,0666666666667	0,0111111111111	
573	0,0666666666667	0,0111111111111	
574	0,0666666666667	0,0111111111111	
575	0,0666666666667	0,0111111111111	
576	0,0666666666667	0,0111111111111	
577	0,0666666666667	0,0111111111111	
578	0,0666666666667	0,0111111111111	
579	0,0666666666667	0,0111111111111	
580	0,0666666666667	0,0111111111111	
581	0,0666666666667	0,0111111111111	
582	0,0666666666667	0,0111111111111	
583	0,0666666666667	0,0111111111111	
584	0,0666666666667	0,0111111111111	
585	0,0666666666667	0,0111111111111	
586	0,0666666666667	0,0111111111111	
587	0,0666666666667	0,0111111111111	
588	0,0666666666667	0,0111111111111	
589	0,0666666666667	0,0111111111111	
590	0,0666666666667	0,0111111111111	
591	0,0666666666667	0,0111111111111	
592	0,0666666666667	0,0111111111111	
593	0,0666666666667	0,0111111111111	
594	0,0666666666667	0,0111111111111	
595	0,0666666666667	0,0111111111111	
596	0,0666666666667	0,0111111111111	
597	0,0666666666667	0,0111111111111	
598	0,0666666666667	0,0111111111111	
599	0,0666666666667	0,0111111111111	
600	0,0666666666667	0,0111111111111	
601	0,0666666666667	0,0111111111111	
602	0,0666666666667	0,0111111111111	
603	0,0666666666667	0,0111111111111	
604	0,0666666666667	0,0111111111111	
605	0,0666666666667	0,0111111111111	
606	0,0666666666667	0,0111111111111	
607	0,0666666666667	0,0111111111111	
608	0,0666666666667	0,0111111111111	
609	0,0666666666667	0,0111111111111	
610	0,0666666666667	0,0111111111111	
611	0,0666666666667	0,0111111111111	
612	0,0666666666667	0,0111111111111	
613	0,0666666666667	0,0111111111111	
614	0,0666666666667	0,0111111111111	
615	0,0666666666667	0,0111111111111	
616	0,0666666666667	0,0111111111111	
617	0,0666666666667	0,0111111111111	
618	0,0666666666667	0,0111111111111	
619	0,0666666666667	0,0111111111111	
620	0,0666666666667	0,0111111111111	
621	0,0666666666667	0,0111111111111	
622	0,0833333333333	0,0111111111111	
623	0,0833333333333	0,0111111111111	
624	0,0833333333333	0,0111111111111	
625	0,0833333333333	0,0111111111111	
626	0,0833333333333	0,0111111111111	
627	0,0833333333333	0,0111111111111	
628	0,0833333333333	0,0111111111111	
629	0,0833333333333	0,0111111111111	
630	0,0833333333333	0,0111111111111	
631	0,0833333333333	0,0111111111111	
632	0,0833333333333	0,0111111111111	
633	0,0833333333333	0,0111111111111	
634	0,0833333333333	0,0111111111111	
635	0,0833333333333	0,0111111111111	
636	0,0833333333333	0,0111111111111	
637	0,0833333333333	0,0111111111111	
638	0,0833333333333	0,0111111111111	
639	0,0833333333333	0,0111111111111	
640	0,0833333333333	0,0111111111111	
641	0,0833333333333	0,0111111111111	
642	0,0833333333333	0,0111111111111	
643	0,0833333333333	0,0111111111111	
644	0,0833333333333	0,0111111111111	
645	0,0833333333333	0,0111111111111	
646	0,0833333333333	0,0111111111111	
647	0,0833333333333	0,0111111111111	
648	0,0833333333333	0,0111111111111	
649	0,0833333333333	0,0111111111111	
650	0,0833333333333	0,0111111111111	
651	0,0833333333333	0,0111111111111	
652	0,0833333333333	0,0111111111111	
653	0,0833333333333	0,0111111111111	
654	0,0833333333333	0,0111111111111	
655	0,0833333333333	0,0111111111111	
656	0,0833333333333	0,0111111111111	
657	0,0833333333333	0,0111111111111	
658	0,0833333333333	0,0111111111111	
659	0,0833333333333	0,0111111111111	
660	0,0833333333333	0,0111111111111	
661	0,0833333333333	0,0111111111111	
662	0,0833333333333	0,0111111111111	
663	0,0833333333333	0,0111111111111	
664	0,0833333333333	0,0111111111111	
665	0,0833333333333	0,0111111111111	
666	0,0833333333333	0,0111111111111	
667	0,0833333333333	0,0111111111111	
668	0,0833333333333	0,0111111111111	
669	0,0833333333333	0,0111111111111	
670	0,0833333333333	0,0111111111111	
671	0,0833333333333	0,0111111111111	
672	0,0833333333333	0,0111111111111	
673	0,0833333333333	0,0111111111111	
674	0,0833333333333	0,0111111111111	
675	0,0833333333333	0,0111111111111	
676	0,0833333333333	0,0111111111111	
677	0,0833333333333	0,0111111111111	
678	0,0833333333333	0,0111111111111	
679	0,0833333333333	0,0111111111111	
680	0,0833333333333	0,0111111111111	
681	0,0833333333333	0,0111111111111	
682	0,0833333333333	0,0111111111111	
683	0,0833333333333	0,0111111111111	
684	0,0833333333333	0,0111111111111	
685	0,0833333333333	0,0111111111111	
686	0,0833333333333	0,0111111111111	
687	0,0833333333333	0,0111111111111	
688	0,0833333333333	0,0111111111111	
689	0,0833333333333	0,0111111111111	
690	0,0833333333333	0,0111111111111	
691	0,0833333333333	0,0111111111111	
692	0,0833333333333	0,0111111111111	
693	0,0833333333333	0,0111111111111	
694	0,0833333333333	0,0111111111111	
695	0,0833333333333	0,0111111111111	
696	0,0833333333333	0,0111111111111	
697	0,0833333333333	0,0111111111111	
698	0,0833333333333	0,0111111111111	
699	0,0833333333333	0,0111111111111	
700	0,0833333333333	0,0111111111111	
701	0,0833333333333	0,0111111111111	
702	0,0833333333333	0,0111111111111	
703	0,0833333333333	0,0111111111111	
704	0,0833333333333	0,0111111111111	
705	0,0833333333333	0,0111111111111	
706	0,0833333333333	0,0111111111111	
707	0,0833333333333	0,0111111111111	
708	0,0833333333333	0,0111111111111	
709	0,0833333333333	0,0111111111111	
710	0,0833333333333	0,0111111111111	
711	0,0833333333333	0,0111111111111	
712	0,0833333333333	0,0111111111111	
713	0,0833333333333	0,0111111111111	
714	0,0833333333333	0,0111111111111	
715	0,0833333333333	0,0111111111111	
716	0,0833333333333	0,0111111111111	
717	0,0833333333333	0,0111111111111	
718	0,0833333333333	0,0111111111111	
719	0,0833333333333	0,0111111111111	
720	0,0833333333333	0,0111111111111	
721	0,0833333333333	0,0111111111111	
722	0,0833333333333	0,0111111111111	
723	0,0833333333333	0,0111111111111	
724	0,0833333333333	0,0111111111111	
725	0,0833333333333	0,0111111111111	
726	0,0833333333333	0,0111111111111	
727	0,0833333333333	0,0111111111111	
728	0,0833333333333	0,0111111111111	
729	0,0833333333333	0,0111111111111	
730	0,0833333333333	0,0111111111111	
731	0,0833333333333	0,0111111111111	
732	0,0833333333333	0,0111111111111	
733	0,0833333333333	0,0111111111111	
734	0,0833333333333	0,0111111111111	
735	0,0833333333333	0,0111111111111	
736	0,0833333333333	0,0111111111111	
737	0,0833333333333	0,0111111111111	
738	0,0833333333333	0,0111111111111	
739	0,0833333333333	0,0111111111111	
740	0,0833333333333	0,0111111111111	
741	0,0833333333333	0,0111111111111	
742	0,0833333333333	0,0111111111111	
743	0,0833333333333	0,0111111111111	
744	0,0833333333333	0,0111111111111	
745	0,0833333333333	0,0111111111111	
746	0,0833333333333	0,0111111111111	
747	0,0833333333333	0,0111111111111	
748	0,0833333333333	0,0111111111111	
749	0,0833333333333	0,0111111111111	
750	0,0833333333333	0,0111111111111	
751	0,0833333333333	0,0111111111111	
752	0,0833333333333	0,0111111111111	
753	0,0833333333333	0,0111111111111	
754	0,0833333333333	0,0111111111111	
755	0,0833333333333	0,0111111111111	
756	0,0833333333333	0,0111111111111	
757	0,0833333333333	0,0111111111111	
758	0,0833333333333	0,0111111111111	
759	0,0833333333333	0,0111111111111	
760	0,0833333333333	0,0111111111111	
761	0,0833333333333	0,0111111111111	
762	0,0833333333333	0,0111111111111	
763	0,0833333333333	0,0111111111111	
764	0,0833333333333	0,0111111111111	
765	0,0833333333333	0,0111111111111	
766	0,0833333333333	0,0111111111111	
767	0,0833333333333	0,0111111111111	
768	0,0833333333333	0,0111111111111	
769	0,0833333333333	0,0111111111111	
770	0,0833333333333	0,0111111111111	
771	0,0833333333333	0,0111111111111	
772	0,0833333333333	0,0111111111111	
773	0,0833333333333	0,0111111111111	
774	0,0833333333333	0,0111111111111	
775	0,0833333333333	0,0111111111111	
776	0,0833333333333	0,0111111111111	
777	0,0833333333333	0,0111111111111	
778	0,0833333333333	0,0111111111111	
779	0,0833333333333	0,0111111111111	
780	0,0833333333333	0,0111111111111	
781	0,0833333333333	0,0111111111111	
782	0,0833333333333	0,0111111111111	
783	0,0833333333333	0,0111111111111	
784	0,0833333333333	0,0111111111111	
785	0,0833333333333	0,0111111111111	
786	0,0833333333333	0,0111111111111	
787	0,0833333333333	0,0111111111111	
788	0,0833333333333	0,0111111111111	
789	0,0833333333333	0,0111111111111	
790	0,0833333333333	0,0111111111111	
791	0,0833333333333	0,0111111111111	
792	0,0833333333333	0,0111111111111	
793	0,0833333333333	0,0111111111111	
794	0,0833333333333	0,0111111111111	
795	0,0833333333333	0,0111111111111	
796	0,0833333333333	0,0111111111111	
797	0,0833333333333	0,0111111111111	
798	0,0833333333333	0,0111111111111	
799	0,0833333333333	0,0111111111111	
800	0,0833333333333	0,0111111111111	
801	0,0833333333333	0,0111111111111	
802	0,0833333333333	0,0111111111111	
803	0,0833333333333	0,0111111111111	
804	0,0833333333333	0,0111111111111	
805	0,0833333333333	0,0111111111111	
806	0,0833333333333	0,0111111111111	
807	0,0833333333333	0,0111111111111	
808	0,0833333333333	0,0111111111111	
809	0,0833333333333	0,0111111111111	
810	0,0833333333333	0,0111111111111	
811	0,0833333333333	0,0111111111111	
812	0,0833333333333	0,0111111111111	
813	0,0833333333333	0,0111111111111	
814	0,0833333333333	0,0111111111111	
815	0,0833333333333	0,0111111111111	
816	0,0833333333333	0,0111111111111	
817	0,0833333333333	0,0111111111111	
818	0,0833333333333	0,0111111111111	
819	0,0833333333333	0,0111111111111	
820	0,0833333333333	0,0111111111111	
821	0,0833333333333	0,0111111111111	
822	0,0833333333333	0,0111111111111	
823	0,0833333333333	0,0111111111111	
824	0,0833333333333	0,0111111111111	
825	0,0833333333333	0,0111111111111	
826	0,0833333333333	0,0111111111111	
827	0,0833333333333	0,0111111111111	
828	0,0833333333333	0,0111111111111	
829	0,0833333333333	0,0111111111111	
830	0,0833333333333	0,0111111111111	
831	0,0833333333333	0,0111111111111	
832	0,0833333333333	0,0111111111111	
833	0,0833333333333	0,0111111111111	
834	0,0833333333333	0,0111111111111	
835	0,0833333333333	0,0111111111111	
836	0,0833333333333	0,0111111111111	
837	0,0833333333333	0,0111111111111	
838	0,0833333333333	0,0111111111111	
839	0,0833333333333	0,0111111111111	
840	0,0833333333333	0,0111111111111	
841	0,0833333333333	0,0111111111111	
842	0,0833333333333	0,0111111111111	
843	0,0833333333333	0,0111111111111	
844	0,0833333333333	0,0111111111111	
845	0,0833333333333	0,0111111111111	
846	0,0833333333333	0,0111111111111	
847	0,0833333333333	0,0111111111111	
848	0,0833333333333	0,0111111111111	
849	0,0833333333333	0,0111111111111	
850	0,0833333333333	0,0111111111111	
851	0,0833333333333	0,0111111111111	
852	0,0833333333333	0,0111111111111	
853	0,0833333333333	0,0111111111111	
854	0,0833333333333	0,0111111111111	
855	0,0833333333333	0,0111111111111	
856	0,0833333333333	0,0111111111111	
857	0,0833333333333	0,0111111111111	
858	0,0833333333333	0,0111111111111	
859	0,0833333333333	0,0111111111111	
860	0,0833333333333	0,0111111111111	
861	0,0833333333333	0,0111111111111	
862	0,0833333333333	0,0111111111111	
863	0,0833333333333	0,0111111111111	
864	0,0833333333333	0,0111111111111	
865	0,0833333333333	0,0111111111111	
866	0,0833333333333	0,0111111111111	
867	0,0833333333333	0,0111111111111	
868	0,0833333333333	0,0111111111111	
869	0,0833333333333	0,0111111111111	
870	0,0833333333333	0,0111111111111	
871	0,0833333333333	0,0111111111111	
872	0,0833333333333	0,0111111111111	
873	0,0833333333333	0,0111111111111	
874	0,0833333333333	0,0111111111111	
875	0,0833333333333	0,0111111111111	
876	0,0833333333333	0,0111111111111	
877	0,0833333333333	0,0111111111111	
878	0,0833333333333	0,0111111111111	
879	0,0833333333333	0,0111111111111	
880	0,0833333333333	0,0111111111111	
881	0,0833333333333	0,0111111111111	
882	0,0833333333333	0,0111111111111	
883	0,0833333333333	0,0111111111111	
884	0,0833333333333	0,0111111111111	
885	0,0833333333333	0,0111111111111	
886	0,0833333333333	0,0111111111111	
887	0,0833333333333	0,0111111111111	
888	0,0833333333333	0,0111111111111	
889	0,0833333333333	0,0111111111111	
890	0,0833333333333	0,0111111111111	
891	0,0833333333333	0,0111111111111	
892	0,0833333333333	0,0111111111111	
893	0,0833333333333	0,0111111111111	
894	0,0833333333333	0,0111111111111	
895	0,0833333333333	0,0111111111111	
896	0,0833333333333	0,0111111111111	
897	0,0833333333333	0,0111111111111	
898	0,0833333333333	0,0111111111111	
899	0,0833333333333	0,0111111111111	
900	0,0833333333333	0,0111111111111	
901	0,0833333333333	0,0111111111111	
902	0,0833333333333	0,0111111111111	
903	0,0833333333333	0,0111111111111	
904	0,0833333333333	0,0111111111111	
905	0,0833333333333	0,0111111111111	
906	0,0833333333333	0,0111111111111	
907	0,0833333333333	0,0111111111111	
908	0,0833333333333	0,0111111111111	
909	0,0833333333333	0,0111111111111	
910	0,0833333333333	0,0111111111111	
911	0,0833333333333	0,0111111111111	
912	0,0833333333333	0,0111111111111	
913	0,0833333333333	0,0111111111111	
914	0,0833333333333	0,0111111111111	
915	0,0833333333333	0,0111111111111	
916	0,0833333333333	0,0111111111111	
917	0,0833333333333	0,0111111111111	
918	0,0833333333333	0,0111111111111	
919	0,0833333333333	0,0111111111111	
920	0,0833333333333	0,0111111111111	
921	0,0833333333333	0,0111111111111	
922	0,0833333333333	0,0111111111111	
923	0,0833333333333	0,0111111111111	
924	0,0833333333333	0,0111111111111	
925	0,0833333333333	0,0111111111111	
926	0,0833333333333	0,0111111111111	
927	0,0833333333333	0,0111111111111	
928	0,0833333333333	0,0111111111111	
929	0,0833333333333	0,0111111111111	
930	0,0833333333333	0,0111111111111	
931	0,0833333333333	0,0111111111111	
932	0,0833333333333	0,0111111111111	
933	0,0833333333333	0,0111111111111	
934	0,0833333333333	0,0111111111111	
935	0,0833333333333	0,0111111111111	
936	0,0833333333333	0,0111111111111	
937	0,0833333333333	0,0111111111111	
938	0,0833333333333	0,0111111111111	
939	0,0833333333333	0,0111111111111	
940	0,0833333333333	0,0111111111111	
941	0,0833333333333	0,0111111111111	
942	0,0833333333333	0,0111111111111	
943	0,0833333333333	0,0111111111111	
944	0,0833333333333	0,0111111111111	
945	0,0833333333333	0,0111111111111	
946	0,0833333333333	0,0111111111111	
947	0,0833333333333	0,0111111111111	
948	0,0833333333333	0,0111111111111	
949	0,0833333333333	0,0111111111111	
950	0,0833333333333	0,0111111111111	
951	0,0833333333333	0,0111111111111	
952	0,0833333333333	0,0111111111111	
953	0,0833333333333	0,0111111111111	
954	0,0833333333333	0,0111111111111	
955	0,0833333333333	0,0111111111111	
956	0,0833333333333	0,0111111111111	
957	0,0833333333333	0,0111111111111	
958	0,0833333333333	0,0111111111111	
959	0,0833333333333	0,0111111111111	
960	0,0833333333333	0,0111111111111	
961	0,0833333333333	0,0111111111111	
962	0,0833333333333	0,0111111111111	
963	0,0833333333333	0,0111111111111	
964	0,0833333333333	0,0111111111111	
965	0,0833333333333	0,0111111111111	
966	0,0833333333333	0,0111111111111	
967	0,0833333333333	0,0111111111111	
968	0,0833333333333	0,0111111111111	
969	0,0833333333333	0,0111111111111	
970	0,0833333333333	0,0111111111111	
971	0,0833333333333	0,0111111111111	
972	0,0833333333333	0,0111111111111	
973	0,0833333333333	0,0111111111111	
974	0,0833333333333	0,0111111111111	
975	0,0833333333333	0,0111111111111	
976	0,0833333333333	0,0111111111111	
977	0,0833333333333	0,0111111111111	
978	0,0833333333333	0,0111111111111	
979	0,0833333333333	0,0111111111111	
980	0,0833333333333	0,0111111111111	
981	0,0833333333333	0,0111111111111	
982	0,0833333333333	0,0111111111111	
983	0,0833333333333	0,0111111111111	
984	0,0833333333333	0,0111111111111	
985	0,0833333333333	0,0111111111111	
986	0,0833333333333	0,0111111111111	
987	0,0833333333333	0,0111111111111	
988	0,0833333333333	0,0111111111111	
989	0,0833333333333	0,0111111111111	
990	0,0833333333333	0,0111111111111	
991	0,0833333333333	0,0111111111111	
992	0,0833333333333	0,0111111111111	
993	0,0833333333333	0,0111111111111	
994	0,0833333333333	0,0111111111111	
995	0,0833333333333	0,0111111111111	
996	0,0833333333333	0,0111111111111	
997	0,0833333333333	0,0111111111111	
998	0,0833333333333	0,0111111111111	
999	0,0833333333333	0,0111111111111	
