Época	Error de test	Error train	Array de pesos
0	0,35	0,422222222222	
1	0,25	0,188888888889	
2	0,2	0,166666666667	
3	0,2	0,144444444444	
4	0,2	0,144444444444	
5	0,183333333333	0,144444444444	
6	0,183333333333	0,133333333333	
7	0,166666666667	0,144444444444	
8	0,166666666667	0,144444444444	
9	0,133333333333	0,133333333333	
10	0,116666666667	0,122222222222	
11	0,116666666667	0,122222222222	
12	0,116666666667	0,111111111111	
13	0,116666666667	0,1	
14	0,116666666667	0,0888888888889	
15	0,116666666667	0,0777777777778	
16	0,116666666667	0,0777777777778	
17	0,116666666667	0,0666666666667	
18	0,133333333333	0,0666666666667	
19	0,133333333333	0,0666666666667	
20	0,133333333333	0,0666666666667	
21	0,133333333333	0,0555555555556	
22	0,133333333333	0,0555555555556	
23	0,133333333333	0,0555555555556	
24	0,133333333333	0,0555555555556	
25	0,133333333333	0,0555555555556	
26	0,133333333333	0,0555555555556	
27	0,133333333333	0,0555555555556	
28	0,133333333333	0,0555555555556	
29	0,133333333333	0,0555555555556	
30	0,133333333333	0,0444444444444	
31	0,133333333333	0,0444444444444	
32	0,133333333333	0,0444444444444	
33	0,133333333333	0,0333333333333	
34	0,133333333333	0,0333333333333	
35	0,116666666667	0,0333333333333	
36	0,116666666667	0,0333333333333	
37	0,116666666667	0,0333333333333	
38	0,1	0,0333333333333	
39	0,1	0,0333333333333	
40	0,1	0,0333333333333	
41	0,1	0,0333333333333	
42	0,1	0,0333333333333	
43	0,1	0,0333333333333	
44	0,1	0,0333333333333	
45	0,1	0,0333333333333	
46	0,1	0,0333333333333	
47	0,1	0,0333333333333	
48	0,1	0,0333333333333	
49	0,1	0,0333333333333	
50	0,1	0,0333333333333	
51	0,1	0,0333333333333	
52	0,1	0,0333333333333	
53	0,1	0,0333333333333	
54	0,1	0,0333333333333	
55	0,1	0,0333333333333	
56	0,1	0,0333333333333	
57	0,1	0,0333333333333	
58	0,1	0,0333333333333	
59	0,1	0,0333333333333	
60	0,1	0,0333333333333	
61	0,1	0,0333333333333	
62	0,1	0,0333333333333	
63	0,1	0,0333333333333	
64	0,1	0,0333333333333	
65	0,1	0,0333333333333	
66	0,1	0,0333333333333	
67	0,1	0,0333333333333	
68	0,1	0,0333333333333	
69	0,1	0,0333333333333	
70	0,1	0,0333333333333	
71	0,1	0,0333333333333	
72	0,1	0,0333333333333	
73	0,1	0,0333333333333	
74	0,1	0,0333333333333	
75	0,1	0,0333333333333	
76	0,1	0,0333333333333	
77	0,1	0,0333333333333	
78	0,1	0,0333333333333	
79	0,1	0,0333333333333	
80	0,1	0,0333333333333	
81	0,1	0,0333333333333	
82	0,1	0,0333333333333	
83	0,1	0,0333333333333	
84	0,1	0,0333333333333	
85	0,1	0,0333333333333	
86	0,1	0,0333333333333	
87	0,1	0,0333333333333	
88	0,1	0,0333333333333	
89	0,1	0,0333333333333	
90	0,1	0,0333333333333	
91	0,1	0,0333333333333	
92	0,1	0,0333333333333	
93	0,1	0,0222222222222	
94	0,1	0,0222222222222	
95	0,1	0,0222222222222	
96	0,1	0,0222222222222	
97	0,1	0,0222222222222	
98	0,1	0,0222222222222	
99	0,1	0,0222222222222	
100	0,1	0,0222222222222	
101	0,1	0,0222222222222	
102	0,1	0,0222222222222	
103	0,1	0,0222222222222	
104	0,1	0,0222222222222	
105	0,1	0,0222222222222	
106	0,1	0,0222222222222	
107	0,0833333333333	0,0222222222222	
108	0,0833333333333	0,0222222222222	
109	0,0833333333333	0,0222222222222	
110	0,0833333333333	0,0222222222222	
111	0,0833333333333	0,0222222222222	
112	0,0833333333333	0,0222222222222	
113	0,0833333333333	0,0222222222222	
114	0,0833333333333	0,0222222222222	
115	0,0833333333333	0,0222222222222	
116	0,0833333333333	0,0222222222222	
117	0,0833333333333	0,0222222222222	
118	0,0833333333333	0,0222222222222	
119	0,0833333333333	0,0222222222222	
120	0,0833333333333	0,0222222222222	
121	0,0833333333333	0,0222222222222	
122	0,0833333333333	0,0222222222222	
123	0,0833333333333	0,0222222222222	
124	0,0833333333333	0,0222222222222	
125	0,0833333333333	0,0222222222222	
126	0,0833333333333	0,0222222222222	
127	0,0833333333333	0,0222222222222	
128	0,0833333333333	0,0222222222222	
129	0,0833333333333	0,0222222222222	
130	0,0833333333333	0,0222222222222	
131	0,0833333333333	0,0222222222222	
132	0,0833333333333	0,0222222222222	
133	0,0833333333333	0,0222222222222	
134	0,0833333333333	0,0222222222222	
135	0,0833333333333	0,0222222222222	
136	0,0833333333333	0,0222222222222	
137	0,0833333333333	0,0222222222222	
138	0,0833333333333	0,0222222222222	
139	0,0833333333333	0,0222222222222	
140	0,0833333333333	0,0222222222222	
141	0,0833333333333	0,0222222222222	
142	0,0833333333333	0,0222222222222	
143	0,0833333333333	0,0222222222222	
144	0,0833333333333	0,0222222222222	
145	0,0833333333333	0,0222222222222	
146	0,0833333333333	0,0222222222222	
147	0,0833333333333	0,0222222222222	
148	0,0833333333333	0,0222222222222	
149	0,0833333333333	0,0222222222222	
150	0,0833333333333	0,0222222222222	
151	0,0833333333333	0,0222222222222	
152	0,0833333333333	0,0222222222222	
153	0,0833333333333	0,0222222222222	
154	0,0833333333333	0,0222222222222	
155	0,0833333333333	0,0222222222222	
156	0,0833333333333	0,0222222222222	
157	0,0833333333333	0,0222222222222	
158	0,0833333333333	0,0222222222222	
159	0,0833333333333	0,0222222222222	
160	0,0833333333333	0,0222222222222	
161	0,0833333333333	0,0222222222222	
162	0,0833333333333	0,0222222222222	
163	0,0833333333333	0,0222222222222	
164	0,0833333333333	0,0222222222222	
165	0,0833333333333	0,0222222222222	
166	0,0833333333333	0,0222222222222	
167	0,0833333333333	0,0222222222222	
168	0,0833333333333	0,0222222222222	
169	0,0833333333333	0,0222222222222	
170	0,0833333333333	0,0222222222222	
171	0,0833333333333	0,0222222222222	
172	0,0833333333333	0,0222222222222	
173	0,0833333333333	0,0222222222222	
174	0,0833333333333	0,0222222222222	
175	0,0833333333333	0,0222222222222	
176	0,0833333333333	0,0222222222222	
177	0,0833333333333	0,0222222222222	
178	0,0833333333333	0,0222222222222	
179	0,0833333333333	0,0222222222222	
180	0,0666666666667	0,0222222222222	
181	0,0666666666667	0,0222222222222	
182	0,0666666666667	0,0222222222222	
183	0,0666666666667	0,0222222222222	
184	0,0666666666667	0,0222222222222	
185	0,0666666666667	0,0222222222222	
186	0,0666666666667	0,0222222222222	
187	0,0666666666667	0,0222222222222	
188	0,0666666666667	0,0222222222222	
189	0,0666666666667	0,0222222222222	
190	0,0666666666667	0,0222222222222	
191	0,0666666666667	0,0222222222222	
192	0,0666666666667	0,0222222222222	
193	0,0666666666667	0,0222222222222	
194	0,0666666666667	0,0222222222222	
195	0,0666666666667	0,0222222222222	
196	0,0666666666667	0,0222222222222	
197	0,0666666666667	0,0222222222222	
198	0,0666666666667	0,0222222222222	
199	0,0666666666667	0,0222222222222	
200	0,0666666666667	0,0222222222222	
201	0,0666666666667	0,0222222222222	
202	0,0666666666667	0,0222222222222	
203	0,0666666666667	0,0222222222222	
204	0,0666666666667	0,0222222222222	
205	0,0666666666667	0,0222222222222	
206	0,0666666666667	0,0222222222222	
207	0,0666666666667	0,0222222222222	
208	0,0666666666667	0,0222222222222	
209	0,0666666666667	0,0222222222222	
210	0,0666666666667	0,0222222222222	
211	0,0666666666667	0,0222222222222	
212	0,0666666666667	0,0222222222222	
213	0,0666666666667	0,0222222222222	
214	0,0666666666667	0,0222222222222	
215	0,0666666666667	0,0222222222222	
216	0,0666666666667	0,0222222222222	
217	0,0666666666667	0,0222222222222	
218	0,0666666666667	0,0222222222222	
219	0,0666666666667	0,0222222222222	
220	0,0666666666667	0,0222222222222	
221	0,0666666666667	0,0222222222222	
222	0,0666666666667	0,0222222222222	
223	0,0666666666667	0,0222222222222	
224	0,0666666666667	0,0222222222222	
225	0,0666666666667	0,0222222222222	
226	0,0666666666667	0,0222222222222	
227	0,0666666666667	0,0222222222222	
228	0,0666666666667	0,0222222222222	
229	0,0666666666667	0,0222222222222	
230	0,0666666666667	0,0222222222222	
231	0,0666666666667	0,0222222222222	
232	0,0666666666667	0,0222222222222	
233	0,0666666666667	0,0222222222222	
234	0,0666666666667	0,0222222222222	
235	0,0666666666667	0,0222222222222	
236	0,0666666666667	0,0222222222222	
237	0,0666666666667	0,0222222222222	
238	0,0666666666667	0,0222222222222	
239	0,0666666666667	0,0222222222222	
240	0,0666666666667	0,0222222222222	
241	0,0666666666667	0,0222222222222	
242	0,0666666666667	0,0222222222222	
243	0,0666666666667	0,0222222222222	
244	0,0666666666667	0,0222222222222	
245	0,0666666666667	0,0222222222222	
246	0,0666666666667	0,0222222222222	
247	0,0666666666667	0,0222222222222	
248	0,0666666666667	0,0222222222222	
249	0,0666666666667	0,0222222222222	
250	0,0666666666667	0,0222222222222	
251	0,0666666666667	0,0222222222222	
252	0,0666666666667	0,0222222222222	
253	0,0666666666667	0,0222222222222	
254	0,0666666666667	0,0222222222222	
255	0,0666666666667	0,0222222222222	
256	0,0666666666667	0,0222222222222	
257	0,0666666666667	0,0222222222222	
258	0,0666666666667	0,0222222222222	
259	0,0666666666667	0,0222222222222	
260	0,0666666666667	0,0222222222222	
261	0,0666666666667	0,0222222222222	
262	0,0666666666667	0,0222222222222	
263	0,0666666666667	0,0222222222222	
264	0,0666666666667	0,0222222222222	
265	0,0666666666667	0,0222222222222	
266	0,0666666666667	0,0222222222222	
267	0,0666666666667	0,0222222222222	
268	0,0666666666667	0,0222222222222	
269	0,0666666666667	0,0222222222222	
270	0,0666666666667	0,0222222222222	
271	0,0666666666667	0,0222222222222	
272	0,0666666666667	0,0222222222222	
273	0,0666666666667	0,0222222222222	
274	0,0666666666667	0,0222222222222	
275	0,0666666666667	0,0222222222222	
276	0,0666666666667	0,0222222222222	
277	0,0666666666667	0,0222222222222	
278	0,0666666666667	0,0222222222222	
279	0,0666666666667	0,0222222222222	
280	0,0666666666667	0,0222222222222	
281	0,0666666666667	0,0222222222222	
282	0,0666666666667	0,0222222222222	
283	0,0666666666667	0,0222222222222	
284	0,0666666666667	0,0222222222222	
285	0,0666666666667	0,0222222222222	
286	0,0666666666667	0,0222222222222	
287	0,0666666666667	0,0222222222222	
288	0,0666666666667	0,0222222222222	
289	0,0666666666667	0,0222222222222	
290	0,0666666666667	0,0222222222222	
291	0,0666666666667	0,0222222222222	
292	0,0666666666667	0,0222222222222	
293	0,0666666666667	0,0222222222222	
294	0,0666666666667	0,0222222222222	
295	0,0666666666667	0,0222222222222	
296	0,0666666666667	0,0222222222222	
297	0,0666666666667	0,0222222222222	
298	0,0666666666667	0,0222222222222	
299	0,0666666666667	0,0222222222222	
300	0,0666666666667	0,0222222222222	
301	0,0666666666667	0,0222222222222	
302	0,0666666666667	0,0222222222222	
303	0,0666666666667	0,0222222222222	
304	0,0666666666667	0,0222222222222	
305	0,0666666666667	0,0222222222222	
306	0,0666666666667	0,0222222222222	
307	0,0666666666667	0,0222222222222	
308	0,0666666666667	0,0222222222222	
309	0,0666666666667	0,0222222222222	
310	0,0666666666667	0,0222222222222	
311	0,0666666666667	0,0222222222222	
312	0,0666666666667	0,0222222222222	
313	0,0666666666667	0,0222222222222	
314	0,0666666666667	0,0222222222222	
315	0,0666666666667	0,0222222222222	
316	0,0666666666667	0,0222222222222	
317	0,0666666666667	0,0222222222222	
318	0,0666666666667	0,0222222222222	
319	0,0666666666667	0,0222222222222	
320	0,0666666666667	0,0222222222222	
321	0,0666666666667	0,0222222222222	
322	0,0666666666667	0,0222222222222	
323	0,0666666666667	0,0222222222222	
324	0,0666666666667	0,0222222222222	
325	0,0666666666667	0,0222222222222	
326	0,0666666666667	0,0222222222222	
327	0,0666666666667	0,0222222222222	
328	0,0666666666667	0,0222222222222	
329	0,0666666666667	0,0222222222222	
330	0,0666666666667	0,0222222222222	
331	0,0666666666667	0,0222222222222	
332	0,0666666666667	0,0222222222222	
333	0,0666666666667	0,0222222222222	
334	0,0666666666667	0,0222222222222	
335	0,0666666666667	0,0222222222222	
336	0,0666666666667	0,0222222222222	
337	0,0666666666667	0,0222222222222	
338	0,0666666666667	0,0222222222222	
339	0,0666666666667	0,0222222222222	
340	0,0666666666667	0,0222222222222	
341	0,0666666666667	0,0222222222222	
342	0,0666666666667	0,0222222222222	
343	0,0666666666667	0,0222222222222	
344	0,0666666666667	0,0222222222222	
345	0,0666666666667	0,0222222222222	
346	0,0666666666667	0,0222222222222	
347	0,0666666666667	0,0222222222222	
348	0,0666666666667	0,0222222222222	
349	0,0666666666667	0,0222222222222	
350	0,0666666666667	0,0222222222222	
351	0,0666666666667	0,0222222222222	
352	0,0666666666667	0,0222222222222	
353	0,0666666666667	0,0222222222222	
354	0,0666666666667	0,0222222222222	
355	0,0666666666667	0,0222222222222	
356	0,0666666666667	0,0222222222222	
357	0,0666666666667	0,0222222222222	
358	0,0666666666667	0,0222222222222	
359	0,0666666666667	0,0222222222222	
360	0,0666666666667	0,0222222222222	
361	0,0666666666667	0,0222222222222	
362	0,0666666666667	0,0222222222222	
363	0,0666666666667	0,0222222222222	
364	0,0666666666667	0,0222222222222	
365	0,0666666666667	0,0222222222222	
366	0,0666666666667	0,0222222222222	
367	0,0666666666667	0,0222222222222	
368	0,0666666666667	0,0222222222222	
369	0,0666666666667	0,0222222222222	
370	0,0666666666667	0,0222222222222	
371	0,0666666666667	0,0222222222222	
372	0,0666666666667	0,0222222222222	
373	0,0666666666667	0,0222222222222	
374	0,0666666666667	0,0222222222222	
375	0,0666666666667	0,0222222222222	
376	0,0666666666667	0,0222222222222	
377	0,0666666666667	0,0222222222222	
378	0,0666666666667	0,0222222222222	
379	0,0666666666667	0,0222222222222	
380	0,0666666666667	0,0222222222222	
381	0,0666666666667	0,0222222222222	
382	0,0666666666667	0,0222222222222	
383	0,0666666666667	0,0222222222222	
384	0,0666666666667	0,0222222222222	
385	0,0666666666667	0,0222222222222	
386	0,0666666666667	0,0222222222222	
387	0,0666666666667	0,0222222222222	
388	0,0666666666667	0,0222222222222	
389	0,0666666666667	0,0222222222222	
390	0,0666666666667	0,0222222222222	
391	0,0666666666667	0,0222222222222	
392	0,0666666666667	0,0222222222222	
393	0,0666666666667	0,0222222222222	
394	0,0666666666667	0,0222222222222	
395	0,0666666666667	0,0222222222222	
396	0,0666666666667	0,0222222222222	
397	0,0666666666667	0,0222222222222	
398	0,0666666666667	0,0222222222222	
399	0,0666666666667	0,0222222222222	
400	0,0666666666667	0,0222222222222	
401	0,0666666666667	0,0222222222222	
402	0,0666666666667	0,0222222222222	
403	0,0666666666667	0,0222222222222	
404	0,0666666666667	0,0222222222222	
405	0,0666666666667	0,0222222222222	
406	0,0666666666667	0,0222222222222	
407	0,0666666666667	0,0222222222222	
408	0,0666666666667	0,0222222222222	
409	0,0666666666667	0,0222222222222	
410	0,0666666666667	0,0222222222222	
411	0,0666666666667	0,0222222222222	
412	0,0666666666667	0,0222222222222	
413	0,0666666666667	0,0222222222222	
414	0,0666666666667	0,0222222222222	
415	0,0666666666667	0,0222222222222	
416	0,0666666666667	0,0222222222222	
417	0,0666666666667	0,0222222222222	
418	0,0666666666667	0,0222222222222	
419	0,0666666666667	0,0222222222222	
420	0,0666666666667	0,0222222222222	
421	0,0666666666667	0,0222222222222	
422	0,0666666666667	0,0222222222222	
423	0,0666666666667	0,0222222222222	
424	0,0666666666667	0,0222222222222	
425	0,0666666666667	0,0222222222222	
426	0,0666666666667	0,0222222222222	
427	0,0666666666667	0,0222222222222	
428	0,0666666666667	0,0222222222222	
429	0,0666666666667	0,0222222222222	
430	0,0666666666667	0,0222222222222	
431	0,0666666666667	0,0222222222222	
432	0,0666666666667	0,0222222222222	
433	0,0666666666667	0,0222222222222	
434	0,0666666666667	0,0222222222222	
435	0,0666666666667	0,0222222222222	
436	0,0666666666667	0,0222222222222	
437	0,0666666666667	0,0222222222222	
438	0,0666666666667	0,0222222222222	
439	0,0666666666667	0,0222222222222	
440	0,0666666666667	0,0222222222222	
441	0,0666666666667	0,0222222222222	
442	0,0666666666667	0,0222222222222	
443	0,0666666666667	0,0222222222222	
444	0,0666666666667	0,0222222222222	
445	0,0666666666667	0,0222222222222	
446	0,0666666666667	0,0222222222222	
447	0,0666666666667	0,0222222222222	
448	0,0666666666667	0,0222222222222	
449	0,0666666666667	0,0222222222222	
450	0,0666666666667	0,0222222222222	
451	0,0666666666667	0,0222222222222	
452	0,0666666666667	0,0222222222222	
453	0,0666666666667	0,0222222222222	
454	0,0666666666667	0,0222222222222	
455	0,0666666666667	0,0222222222222	
456	0,0666666666667	0,0222222222222	
457	0,0666666666667	0,0222222222222	
458	0,0666666666667	0,0222222222222	
459	0,0666666666667	0,0222222222222	
460	0,0666666666667	0,0222222222222	
461	0,0666666666667	0,0222222222222	
462	0,0666666666667	0,0222222222222	
463	0,0666666666667	0,0222222222222	
464	0,05	0,0222222222222	
465	0,05	0,0222222222222	
466	0,05	0,0222222222222	
467	0,05	0,0222222222222	
468	0,05	0,0222222222222	
469	0,05	0,0222222222222	
470	0,05	0,0222222222222	
471	0,05	0,0222222222222	
472	0,05	0,0222222222222	
473	0,05	0,0222222222222	
474	0,05	0,0222222222222	
475	0,05	0,0222222222222	
476	0,05	0,0222222222222	
477	0,05	0,0222222222222	
478	0,05	0,0222222222222	
479	0,05	0,0222222222222	
480	0,05	0,0222222222222	
481	0,05	0,0222222222222	
482	0,05	0,0222222222222	
483	0,05	0,0222222222222	
484	0,05	0,0222222222222	
485	0,05	0,0222222222222	
486	0,05	0,0222222222222	
487	0,05	0,0222222222222	
488	0,05	0,0222222222222	
489	0,05	0,0222222222222	
490	0,05	0,0222222222222	
491	0,05	0,0222222222222	
492	0,05	0,0222222222222	
493	0,05	0,0222222222222	
494	0,05	0,0222222222222	
495	0,05	0,0222222222222	
496	0,05	0,0222222222222	
497	0,05	0,0222222222222	
498	0,05	0,0222222222222	
499	0,05	0,0222222222222	
500	0,05	0,0222222222222	
501	0,05	0,0222222222222	
502	0,05	0,0222222222222	
503	0,05	0,0222222222222	
504	0,05	0,0222222222222	
505	0,05	0,0222222222222	
506	0,05	0,0222222222222	
507	0,05	0,0222222222222	
508	0,05	0,0222222222222	
509	0,05	0,0222222222222	
510	0,05	0,0222222222222	
511	0,05	0,0222222222222	
512	0,05	0,0222222222222	
513	0,05	0,0222222222222	
514	0,05	0,0222222222222	
515	0,05	0,0222222222222	
516	0,05	0,0222222222222	
517	0,05	0,0222222222222	
518	0,05	0,0222222222222	
519	0,05	0,0222222222222	
520	0,05	0,0222222222222	
521	0,05	0,0222222222222	
522	0,05	0,0222222222222	
523	0,05	0,0222222222222	
524	0,05	0,0222222222222	
525	0,05	0,0222222222222	
526	0,05	0,0222222222222	
527	0,05	0,0222222222222	
528	0,05	0,0222222222222	
529	0,05	0,0222222222222	
530	0,05	0,0222222222222	
531	0,05	0,0222222222222	
532	0,05	0,0222222222222	
533	0,05	0,0222222222222	
534	0,05	0,0222222222222	
535	0,05	0,0222222222222	
536	0,05	0,0222222222222	
537	0,05	0,0222222222222	
538	0,05	0,0222222222222	
539	0,05	0,0222222222222	
540	0,05	0,0222222222222	
541	0,05	0,0222222222222	
542	0,05	0,0222222222222	
543	0,05	0,0222222222222	
544	0,05	0,0222222222222	
545	0,05	0,0222222222222	
546	0,05	0,0222222222222	
547	0,05	0,0222222222222	
548	0,05	0,0222222222222	
549	0,05	0,0222222222222	
550	0,05	0,0222222222222	
551	0,05	0,0222222222222	
552	0,05	0,0222222222222	
553	0,05	0,0222222222222	
554	0,05	0,0222222222222	
555	0,05	0,0222222222222	
556	0,05	0,0222222222222	
557	0,05	0,0222222222222	
558	0,05	0,0222222222222	
559	0,05	0,0222222222222	
560	0,05	0,0222222222222	
561	0,05	0,0222222222222	
562	0,05	0,0222222222222	
563	0,05	0,0222222222222	
564	0,05	0,0222222222222	
565	0,05	0,0222222222222	
566	0,05	0,0222222222222	
567	0,05	0,0222222222222	
568	0,05	0,0222222222222	
569	0,05	0,0222222222222	
570	0,05	0,0222222222222	
571	0,05	0,0222222222222	
572	0,05	0,0222222222222	
573	0,05	0,0222222222222	
574	0,05	0,0222222222222	
575	0,05	0,0222222222222	
576	0,05	0,0222222222222	
577	0,05	0,0222222222222	
578	0,05	0,0222222222222	
579	0,05	0,0222222222222	
580	0,05	0,0222222222222	
581	0,05	0,0222222222222	
582	0,05	0,0222222222222	
583	0,05	0,0222222222222	
584	0,05	0,0222222222222	
585	0,05	0,0222222222222	
586	0,05	0,0222222222222	
587	0,05	0,0222222222222	
588	0,05	0,0222222222222	
589	0,05	0,0222222222222	
590	0,05	0,0222222222222	
591	0,05	0,0222222222222	
592	0,05	0,0222222222222	
593	0,05	0,0222222222222	
594	0,05	0,0222222222222	
595	0,05	0,0222222222222	
596	0,05	0,0222222222222	
597	0,05	0,0222222222222	
598	0,05	0,0222222222222	
599	0,05	0,0222222222222	
600	0,05	0,0222222222222	
601	0,05	0,0222222222222	
602	0,05	0,0222222222222	
603	0,05	0,0222222222222	
604	0,0666666666667	0,0222222222222	
605	0,0666666666667	0,0222222222222	
606	0,0666666666667	0,0222222222222	
607	0,0666666666667	0,0222222222222	
608	0,0666666666667	0,0222222222222	
609	0,0666666666667	0,0222222222222	
610	0,0666666666667	0,0222222222222	
611	0,0666666666667	0,0222222222222	
612	0,0666666666667	0,0222222222222	
613	0,0666666666667	0,0222222222222	
614	0,0666666666667	0,0222222222222	
615	0,0666666666667	0,0222222222222	
616	0,0666666666667	0,0222222222222	
617	0,0666666666667	0,0222222222222	
618	0,0666666666667	0,0222222222222	
619	0,0666666666667	0,0222222222222	
620	0,0666666666667	0,0222222222222	
621	0,0666666666667	0,0222222222222	
622	0,0666666666667	0,0222222222222	
623	0,0666666666667	0,0222222222222	
624	0,0666666666667	0,0222222222222	
625	0,0666666666667	0,0222222222222	
626	0,0666666666667	0,0222222222222	
627	0,0666666666667	0,0222222222222	
628	0,0666666666667	0,0222222222222	
629	0,0666666666667	0,0222222222222	
630	0,0666666666667	0,0222222222222	
631	0,0666666666667	0,0222222222222	
632	0,0666666666667	0,0222222222222	
633	0,0666666666667	0,0222222222222	
634	0,0666666666667	0,0222222222222	
635	0,0666666666667	0,0222222222222	
636	0,0666666666667	0,0222222222222	
637	0,0666666666667	0,0222222222222	
638	0,0666666666667	0,0222222222222	
639	0,0666666666667	0,0222222222222	
640	0,0666666666667	0,0222222222222	
641	0,0666666666667	0,0222222222222	
642	0,0666666666667	0,0222222222222	
643	0,0666666666667	0,0222222222222	
644	0,0666666666667	0,0222222222222	
645	0,0666666666667	0,0222222222222	
646	0,0666666666667	0,0222222222222	
647	0,0666666666667	0,0222222222222	
648	0,0666666666667	0,0222222222222	
649	0,0666666666667	0,0222222222222	
650	0,0666666666667	0,0222222222222	
651	0,0666666666667	0,0222222222222	
652	0,0666666666667	0,0222222222222	
653	0,0666666666667	0,0222222222222	
654	0,0666666666667	0,0222222222222	
655	0,0666666666667	0,0222222222222	
656	0,0666666666667	0,0222222222222	
657	0,0666666666667	0,0222222222222	
658	0,0666666666667	0,0222222222222	
659	0,0666666666667	0,0222222222222	
660	0,0666666666667	0,0222222222222	
661	0,0666666666667	0,0222222222222	
662	0,0666666666667	0,0222222222222	
663	0,0666666666667	0,0222222222222	
664	0,0666666666667	0,0222222222222	
665	0,0666666666667	0,0222222222222	
666	0,0666666666667	0,0222222222222	
667	0,0666666666667	0,0222222222222	
668	0,0666666666667	0,0222222222222	
669	0,0666666666667	0,0222222222222	
670	0,0666666666667	0,0222222222222	
671	0,0666666666667	0,0222222222222	
672	0,0666666666667	0,0222222222222	
673	0,0666666666667	0,0222222222222	
674	0,0666666666667	0,0222222222222	
675	0,0666666666667	0,0222222222222	
676	0,0666666666667	0,0222222222222	
677	0,0666666666667	0,0222222222222	
678	0,0666666666667	0,0222222222222	
679	0,0666666666667	0,0222222222222	
680	0,0666666666667	0,0222222222222	
681	0,0666666666667	0,0222222222222	
682	0,0666666666667	0,0222222222222	
683	0,0666666666667	0,0222222222222	
684	0,0666666666667	0,0222222222222	
685	0,0666666666667	0,0222222222222	
686	0,0666666666667	0,0222222222222	
687	0,0666666666667	0,0222222222222	
688	0,0666666666667	0,0222222222222	
689	0,05	0,0222222222222	
690	0,05	0,0111111111111	
691	0,05	0,0111111111111	
692	0,05	0,0111111111111	
693	0,05	0,0111111111111	
694	0,05	0,0111111111111	
695	0,05	0,0111111111111	
696	0,05	0,0111111111111	
697	0,05	0,0111111111111	
698	0,05	0,0111111111111	
699	0,05	0,0111111111111	
700	0,05	0,0111111111111	
701	0,05	0,0111111111111	
702	0,05	0,0111111111111	
703	0,05	0,0111111111111	
704	0,05	0,0111111111111	
705	0,05	0,0111111111111	
706	0,05	0,0111111111111	
707	0,05	0,0111111111111	
708	0,05	0,0111111111111	
709	0,05	0,0111111111111	
710	0,05	0,0111111111111	
711	0,05	0,0111111111111	
712	0,05	0,0111111111111	
713	0,05	0,0111111111111	
714	0,05	0,0111111111111	
715	0,05	0,0111111111111	
716	0,05	0,0111111111111	
717	0,05	0,0111111111111	
718	0,05	0,0111111111111	
719	0,05	0,0111111111111	
720	0,05	0,0111111111111	
721	0,05	0,0111111111111	
722	0,05	0,0111111111111	
723	0,05	0,0111111111111	
724	0,05	0,0111111111111	
725	0,05	0,0111111111111	
726	0,05	0,0111111111111	
727	0,05	0,0111111111111	
728	0,05	0,0111111111111	
729	0,05	0,0111111111111	
730	0,05	0,0111111111111	
731	0,05	0,0111111111111	
732	0,05	0,0111111111111	
733	0,05	0,0111111111111	
734	0,05	0,0111111111111	
735	0,05	0,0111111111111	
736	0,05	0,0111111111111	
737	0,05	0,0111111111111	
738	0,05	0,0111111111111	
739	0,05	0,0111111111111	
740	0,05	0,0111111111111	
741	0,05	0,0111111111111	
742	0,05	0,0111111111111	
743	0,05	0,0111111111111	
744	0,05	0,0111111111111	
745	0,05	0,0111111111111	
746	0,05	0,0111111111111	
747	0,05	0,0111111111111	
748	0,05	0,0111111111111	
749	0,05	0,0111111111111	
750	0,05	0,0111111111111	
751	0,05	0,0111111111111	
752	0,05	0,0111111111111	
753	0,05	0,0111111111111	
754	0,05	0,0111111111111	
755	0,05	0,0111111111111	
756	0,05	0,0111111111111	
757	0,05	0,0111111111111	
758	0,05	0,0111111111111	
759	0,05	0,0111111111111	
760	0,05	0,0111111111111	
761	0,05	0,0111111111111	
762	0,05	0,0111111111111	
763	0,05	0,0111111111111	
764	0,05	0,0111111111111	
765	0,05	0,0111111111111	
766	0,05	0,0111111111111	
767	0,05	0,0111111111111	
768	0,05	0,0111111111111	
769	0,05	0,0111111111111	
770	0,05	0,0111111111111	
771	0,0666666666667	0,0111111111111	
772	0,0666666666667	0,0111111111111	
773	0,0666666666667	0,0111111111111	
774	0,0666666666667	0,0111111111111	
775	0,0666666666667	0,0111111111111	
776	0,0666666666667	0,0111111111111	
777	0,0666666666667	0,0111111111111	
778	0,0666666666667	0,0111111111111	
779	0,0666666666667	0,0111111111111	
780	0,0666666666667	0,0111111111111	
781	0,0666666666667	0,0111111111111	
782	0,0666666666667	0,0111111111111	
783	0,0666666666667	0,0111111111111	
784	0,0666666666667	0,0111111111111	
785	0,0666666666667	0,0111111111111	
786	0,0666666666667	0,0111111111111	
787	0,0666666666667	0,0111111111111	
788	0,0666666666667	0,0111111111111	
789	0,0666666666667	0,0111111111111	
790	0,0666666666667	0,0111111111111	
791	0,0666666666667	0,0111111111111	
792	0,0666666666667	0,0111111111111	
793	0,0666666666667	0,0111111111111	
794	0,0666666666667	0,0111111111111	
795	0,0666666666667	0,0111111111111	
796	0,0666666666667	0,0111111111111	
797	0,0666666666667	0,0111111111111	
798	0,0666666666667	0,0111111111111	
799	0,0666666666667	0,0111111111111	
800	0,0666666666667	0,0111111111111	
801	0,0666666666667	0,0111111111111	
802	0,0666666666667	0,0111111111111	
803	0,0666666666667	0,0111111111111	
804	0,0666666666667	0,0111111111111	
805	0,0666666666667	0,0111111111111	
806	0,0666666666667	0,0111111111111	
807	0,0666666666667	0,0111111111111	
808	0,0666666666667	0,0111111111111	
809	0,0666666666667	0,0111111111111	
810	0,0666666666667	0,0111111111111	
811	0,0666666666667	0,0111111111111	
812	0,0666666666667	0,0111111111111	
813	0,0666666666667	0,0111111111111	
814	0,0666666666667	0,0111111111111	
815	0,0666666666667	0,0111111111111	
816	0,0666666666667	0,0111111111111	
817	0,0666666666667	0,0111111111111	
818	0,0666666666667	0,0111111111111	
819	0,0666666666667	0,0111111111111	
820	0,0666666666667	0,0111111111111	
821	0,0666666666667	0,0111111111111	
822	0,0666666666667	0,0111111111111	
823	0,0666666666667	0,0111111111111	
824	0,0666666666667	0,0111111111111	
825	0,0666666666667	0,0111111111111	
826	0,0666666666667	0,0111111111111	
827	0,0666666666667	0,0111111111111	
828	0,0666666666667	0,0111111111111	
829	0,0666666666667	0,0111111111111	
830	0,0666666666667	0,0111111111111	
831	0,0666666666667	0,0111111111111	
832	0,0666666666667	0,0111111111111	
833	0,0666666666667	0,0111111111111	
834	0,0666666666667	0,0111111111111	
835	0,0666666666667	0,0111111111111	
836	0,0666666666667	0,0111111111111	
837	0,0666666666667	0,0111111111111	
838	0,0666666666667	0,0111111111111	
839	0,0666666666667	0,0111111111111	
840	0,0666666666667	0,0111111111111	
841	0,0666666666667	0,0111111111111	
842	0,0666666666667	0,0111111111111	
843	0,0666666666667	0,0111111111111	
844	0,0666666666667	0,0111111111111	
845	0,0666666666667	0,0111111111111	
846	0,0666666666667	0,0111111111111	
847	0,0666666666667	0,0111111111111	
848	0,0666666666667	0,0111111111111	
849	0,0666666666667	0,0111111111111	
850	0,0666666666667	0,0111111111111	
851	0,0666666666667	0,0111111111111	
852	0,0666666666667	0,0111111111111	
853	0,0666666666667	0,0111111111111	
854	0,0666666666667	0,0111111111111	
855	0,0666666666667	0,0111111111111	
856	0,0666666666667	0,0111111111111	
857	0,0666666666667	0,0111111111111	
858	0,0666666666667	0,0111111111111	
859	0,0666666666667	0,0111111111111	
860	0,0666666666667	0,0111111111111	
861	0,0666666666667	0,0111111111111	
862	0,0666666666667	0,0111111111111	
863	0,0833333333333	0,0111111111111	
864	0,0833333333333	0,0111111111111	
865	0,0833333333333	0,0111111111111	
866	0,0833333333333	0,0111111111111	
867	0,0833333333333	0,0111111111111	
868	0,0833333333333	0,0111111111111	
869	0,0833333333333	0,0111111111111	
870	0,0833333333333	0,0111111111111	
871	0,0833333333333	0,0111111111111	
872	0,0833333333333	0,0111111111111	
873	0,0833333333333	0,0111111111111	
874	0,0833333333333	0,0111111111111	
875	0,0833333333333	0,0111111111111	
876	0,0833333333333	0,0111111111111	
877	0,0833333333333	0,0111111111111	
878	0,0833333333333	0,0111111111111	
879	0,0833333333333	0,0111111111111	
880	0,0833333333333	0,0111111111111	
881	0,0833333333333	0,0111111111111	
882	0,0833333333333	0,0111111111111	
883	0,0833333333333	0,0111111111111	
884	0,0833333333333	0,0111111111111	
885	0,0833333333333	0,0111111111111	
886	0,0833333333333	0,0111111111111	
887	0,0833333333333	0,0111111111111	
888	0,0833333333333	0,0111111111111	
889	0,0833333333333	0,0111111111111	
890	0,0833333333333	0,0111111111111	
891	0,0833333333333	0,0111111111111	
892	0,0833333333333	0,0111111111111	
893	0,0833333333333	0,0111111111111	
894	0,0833333333333	0,0111111111111	
895	0,0833333333333	0,0111111111111	
896	0,0833333333333	0,0111111111111	
897	0,0833333333333	0,0111111111111	
898	0,0833333333333	0,0111111111111	
899	0,0833333333333	0,0111111111111	
900	0,0833333333333	0,0111111111111	
901	0,0833333333333	0,0111111111111	
902	0,0833333333333	0,0111111111111	
903	0,0833333333333	0,0111111111111	
904	0,0833333333333	0,0111111111111	
905	0,0833333333333	0,0111111111111	
906	0,0833333333333	0,0111111111111	
907	0,0833333333333	0,0111111111111	
908	0,0833333333333	0,0111111111111	
909	0,0666666666667	0,0111111111111	
910	0,0666666666667	0,0111111111111	
911	0,0666666666667	0,0111111111111	
912	0,0666666666667	0,0111111111111	
913	0,0666666666667	0,0111111111111	
914	0,0666666666667	0,0111111111111	
915	0,0666666666667	0,0111111111111	
916	0,0666666666667	0,0111111111111	
917	0,0666666666667	0,0111111111111	
918	0,0666666666667	0,0111111111111	
919	0,0666666666667	0,0111111111111	
920	0,0666666666667	0,0111111111111	
921	0,0666666666667	0,0111111111111	
922	0,0666666666667	0,0111111111111	
923	0,0666666666667	0,0111111111111	
924	0,0666666666667	0,0111111111111	
925	0,0666666666667	0,0111111111111	
926	0,0833333333333	0,0111111111111	
927	0,0833333333333	0,0111111111111	
928	0,0666666666667	0,0111111111111	
929	0,0666666666667	0,0111111111111	
930	0,0666666666667	0,0111111111111	
931	0,0666666666667	0,0111111111111	
932	0,0666666666667	0,0111111111111	
933	0,0666666666667	0,0111111111111	
934	0,0666666666667	0,0111111111111	
935	0,0666666666667	0,0111111111111	
936	0,0666666666667	0,0111111111111	
937	0,0666666666667	0,0111111111111	
938	0,0666666666667	0,0111111111111	
939	0,0666666666667	0,0111111111111	
940	0,0666666666667	0,0111111111111	
941	0,0666666666667	0,0111111111111	
942	0,0666666666667	0,0111111111111	
943	0,0666666666667	0,0111111111111	
944	0,0666666666667	0,0111111111111	
945	0,0666666666667	0,0111111111111	
946	0,0666666666667	0,0111111111111	
947	0,0666666666667	0,0111111111111	
948	0,0666666666667	0,0111111111111	
949	0,0666666666667	0,0111111111111	
950	0,0666666666667	0,0111111111111	
951	0,0666666666667	0,0111111111111	
952	0,0666666666667	0,0111111111111	
953	0,0666666666667	0,0111111111111	
954	0,0666666666667	0,0111111111111	
955	0,0666666666667	0,0111111111111	
956	0,0666666666667	0,0111111111111	
957	0,0666666666667	0,0111111111111	
958	0,0666666666667	0,0111111111111	
959	0,0666666666667	0,0111111111111	
960	0,0666666666667	0,0111111111111	
961	0,0666666666667	0,0111111111111	
962	0,0666666666667	0,0111111111111	
963	0,0666666666667	0,0111111111111	
964	0,0666666666667	0,0111111111111	
965	0,0666666666667	0,0111111111111	
966	0,0666666666667	0,0111111111111	
967	0,0666666666667	0,0111111111111	
968	0,0666666666667	0,0111111111111	
969	0,0666666666667	0,0111111111111	
970	0,0666666666667	0,0111111111111	
971	0,0666666666667	0,0111111111111	
972	0,0666666666667	0,0111111111111	
973	0,0666666666667	0,0111111111111	
974	0,0666666666667	0,0111111111111	
975	0,0666666666667	0,0111111111111	
976	0,0666666666667	0,0111111111111	
977	0,0666666666667	0,0111111111111	
978	0,0666666666667	0,0111111111111	
979	0,0666666666667	0,0111111111111	
980	0,0666666666667	0,0111111111111	
981	0,0666666666667	0,0111111111111	
982	0,0666666666667	0,0111111111111	
983	0,0666666666667	0,0111111111111	
984	0,0666666666667	0,0111111111111	
985	0,0666666666667	0,0111111111111	
986	0,0666666666667	0,0111111111111	
987	0,0666666666667	0,0111111111111	
988	0,0666666666667	0,0111111111111	
989	0,0666666666667	0,0111111111111	
990	0,0666666666667	0,0111111111111	
991	0,0666666666667	0,0111111111111	
992	0,0666666666667	0,0111111111111	
993	0,0666666666667	0,0111111111111	
994	0,0666666666667	0,0111111111111	
995	0,0666666666667	0,0111111111111	
996	0,0666666666667	0,0111111111111	
997	0,0666666666667	0,0111111111111	
998	0,0666666666667	0,0111111111111	
999	0,0666666666667	0,0111111111111	
