Época	Error de test	Error train	Array de pesos
0	0,415770609319	0,416666666667	
1	0,354838709677	0,383928571429	
2	0,354838709677	0,383928571429	
3	0,354838709677	0,383928571429	
4	0,354838709677	0,383928571429	
5	0,344086021505	0,380952380952	
6	0,344086021505	0,380952380952	
7	0,344086021505	0,380952380952	
8	0,344086021505	0,380952380952	
9	0,344086021505	0,380952380952	
10	0,344086021505	0,380952380952	
11	0,279569892473	0,297619047619	
12	0,279569892473	0,297619047619	
13	0,279569892473	0,297619047619	
14	0,254480286738	0,279761904762	
15	0,254480286738	0,279761904762	
16	0,254480286738	0,279761904762	
17	0,254480286738	0,279761904762	
18	0,254480286738	0,279761904762	
19	0,254480286738	0,279761904762	
20	0,254480286738	0,279761904762	
21	0,254480286738	0,279761904762	
22	0,254480286738	0,279761904762	
23	0,254480286738	0,279761904762	
24	0,254480286738	0,279761904762	
25	0,254480286738	0,279761904762	
26	0,254480286738	0,279761904762	
27	0,254480286738	0,279761904762	
28	0,254480286738	0,279761904762	
29	0,254480286738	0,279761904762	
30	0,254480286738	0,279761904762	
31	0,254480286738	0,279761904762	
32	0,254480286738	0,279761904762	
33	0,254480286738	0,279761904762	
34	0,254480286738	0,279761904762	
35	0,254480286738	0,279761904762	
36	0,254480286738	0,279761904762	
37	0,254480286738	0,279761904762	
38	0,254480286738	0,279761904762	
39	0,254480286738	0,279761904762	
40	0,254480286738	0,279761904762	
41	0,254480286738	0,279761904762	
42	0,254480286738	0,279761904762	
43	0,254480286738	0,279761904762	
44	0,254480286738	0,279761904762	
45	0,254480286738	0,279761904762	
46	0,254480286738	0,279761904762	
47	0,254480286738	0,279761904762	
48	0,254480286738	0,279761904762	
49	0,254480286738	0,279761904762	
50	0,254480286738	0,279761904762	
51	0,254480286738	0,279761904762	
52	0,254480286738	0,279761904762	
53	0,254480286738	0,279761904762	
54	0,254480286738	0,279761904762	
55	0,254480286738	0,279761904762	
56	0,254480286738	0,279761904762	
57	0,254480286738	0,279761904762	
58	0,254480286738	0,279761904762	
59	0,254480286738	0,279761904762	
60	0,254480286738	0,279761904762	
61	0,254480286738	0,279761904762	
62	0,254480286738	0,279761904762	
63	0,254480286738	0,279761904762	
64	0,254480286738	0,279761904762	
65	0,254480286738	0,279761904762	
66	0,254480286738	0,279761904762	
67	0,254480286738	0,279761904762	
68	0,254480286738	0,279761904762	
69	0,254480286738	0,279761904762	
70	0,254480286738	0,279761904762	
71	0,254480286738	0,279761904762	
72	0,254480286738	0,279761904762	
73	0,254480286738	0,279761904762	
74	0,254480286738	0,279761904762	
75	0,254480286738	0,279761904762	
76	0,254480286738	0,279761904762	
77	0,254480286738	0,279761904762	
78	0,254480286738	0,279761904762	
79	0,254480286738	0,279761904762	
80	0,254480286738	0,279761904762	
81	0,254480286738	0,279761904762	
82	0,254480286738	0,279761904762	
83	0,254480286738	0,279761904762	
84	0,254480286738	0,279761904762	
85	0,254480286738	0,279761904762	
86	0,254480286738	0,279761904762	
87	0,250896057348	0,276785714286	
88	0,250896057348	0,276785714286	
89	0,250896057348	0,276785714286	
90	0,250896057348	0,276785714286	
91	0,250896057348	0,276785714286	
92	0,250896057348	0,276785714286	
93	0,250896057348	0,276785714286	
94	0,250896057348	0,276785714286	
95	0,250896057348	0,276785714286	
96	0,250896057348	0,276785714286	
97	0,250896057348	0,276785714286	
98	0,250896057348	0,276785714286	
99	0,250896057348	0,276785714286	
100	0,250896057348	0,276785714286	
101	0,250896057348	0,276785714286	
102	0,250896057348	0,276785714286	
103	0,250896057348	0,276785714286	
104	0,250896057348	0,276785714286	
105	0,250896057348	0,276785714286	
106	0,250896057348	0,276785714286	
107	0,250896057348	0,276785714286	
108	0,250896057348	0,276785714286	
109	0,250896057348	0,276785714286	
110	0,250896057348	0,276785714286	
111	0,250896057348	0,276785714286	
112	0,250896057348	0,276785714286	
113	0,250896057348	0,276785714286	
114	0,250896057348	0,276785714286	
115	0,250896057348	0,276785714286	
116	0,250896057348	0,276785714286	
117	0,250896057348	0,276785714286	
118	0,250896057348	0,276785714286	
119	0,250896057348	0,276785714286	
120	0,250896057348	0,276785714286	
121	0,250896057348	0,276785714286	
122	0,250896057348	0,276785714286	
123	0,250896057348	0,276785714286	
124	0,250896057348	0,276785714286	
125	0,250896057348	0,276785714286	
126	0,250896057348	0,276785714286	
127	0,250896057348	0,276785714286	
128	0,250896057348	0,276785714286	
129	0,250896057348	0,276785714286	
130	0,250896057348	0,276785714286	
131	0,250896057348	0,276785714286	
132	0,250896057348	0,276785714286	
133	0,250896057348	0,276785714286	
134	0,250896057348	0,276785714286	
135	0,250896057348	0,276785714286	
136	0,250896057348	0,276785714286	
137	0,250896057348	0,276785714286	
138	0,250896057348	0,276785714286	
139	0,250896057348	0,276785714286	
140	0,250896057348	0,276785714286	
141	0,250896057348	0,276785714286	
142	0,250896057348	0,276785714286	
143	0,250896057348	0,276785714286	
144	0,250896057348	0,276785714286	
145	0,250896057348	0,276785714286	
146	0,250896057348	0,276785714286	
147	0,250896057348	0,276785714286	
148	0,250896057348	0,276785714286	
149	0,250896057348	0,276785714286	
150	0,250896057348	0,276785714286	
151	0,250896057348	0,276785714286	
152	0,250896057348	0,276785714286	
153	0,250896057348	0,276785714286	
154	0,250896057348	0,276785714286	
155	0,250896057348	0,276785714286	
156	0,250896057348	0,276785714286	
157	0,250896057348	0,276785714286	
158	0,250896057348	0,276785714286	
159	0,250896057348	0,276785714286	
160	0,250896057348	0,276785714286	
161	0,250896057348	0,276785714286	
162	0,250896057348	0,276785714286	
163	0,250896057348	0,276785714286	
164	0,250896057348	0,276785714286	
165	0,250896057348	0,276785714286	
166	0,250896057348	0,276785714286	
167	0,250896057348	0,276785714286	
168	0,250896057348	0,276785714286	
169	0,250896057348	0,276785714286	
170	0,250896057348	0,276785714286	
171	0,250896057348	0,276785714286	
172	0,250896057348	0,276785714286	
173	0,250896057348	0,276785714286	
174	0,250896057348	0,276785714286	
175	0,250896057348	0,276785714286	
176	0,250896057348	0,276785714286	
177	0,250896057348	0,276785714286	
178	0,250896057348	0,276785714286	
179	0,250896057348	0,276785714286	
180	0,250896057348	0,276785714286	
181	0,250896057348	0,276785714286	
182	0,250896057348	0,276785714286	
183	0,250896057348	0,276785714286	
184	0,250896057348	0,276785714286	
185	0,250896057348	0,276785714286	
186	0,250896057348	0,276785714286	
187	0,250896057348	0,276785714286	
188	0,250896057348	0,276785714286	
189	0,250896057348	0,276785714286	
190	0,250896057348	0,276785714286	
191	0,250896057348	0,276785714286	
192	0,250896057348	0,276785714286	
193	0,250896057348	0,276785714286	
194	0,250896057348	0,276785714286	
195	0,250896057348	0,276785714286	
196	0,250896057348	0,276785714286	
197	0,250896057348	0,276785714286	
198	0,250896057348	0,276785714286	
199	0,250896057348	0,276785714286	
200	0,250896057348	0,276785714286	
201	0,250896057348	0,276785714286	
202	0,250896057348	0,276785714286	
203	0,250896057348	0,276785714286	
204	0,250896057348	0,276785714286	
205	0,250896057348	0,276785714286	
206	0,250896057348	0,276785714286	
207	0,250896057348	0,276785714286	
208	0,250896057348	0,276785714286	
209	0,250896057348	0,276785714286	
210	0,250896057348	0,276785714286	
211	0,250896057348	0,276785714286	
212	0,250896057348	0,276785714286	
213	0,250896057348	0,276785714286	
214	0,250896057348	0,276785714286	
215	0,250896057348	0,276785714286	
216	0,250896057348	0,276785714286	
217	0,250896057348	0,276785714286	
218	0,250896057348	0,276785714286	
219	0,250896057348	0,276785714286	
220	0,250896057348	0,276785714286	
221	0,250896057348	0,276785714286	
222	0,250896057348	0,276785714286	
223	0,250896057348	0,276785714286	
224	0,250896057348	0,276785714286	
225	0,250896057348	0,276785714286	
226	0,250896057348	0,276785714286	
227	0,250896057348	0,276785714286	
228	0,250896057348	0,276785714286	
229	0,250896057348	0,276785714286	
230	0,250896057348	0,276785714286	
231	0,250896057348	0,276785714286	
232	0,250896057348	0,276785714286	
233	0,250896057348	0,276785714286	
234	0,250896057348	0,276785714286	
235	0,250896057348	0,276785714286	
236	0,250896057348	0,276785714286	
237	0,250896057348	0,276785714286	
238	0,250896057348	0,276785714286	
239	0,250896057348	0,276785714286	
240	0,250896057348	0,276785714286	
241	0,250896057348	0,276785714286	
242	0,250896057348	0,276785714286	
243	0,250896057348	0,276785714286	
244	0,250896057348	0,276785714286	
245	0,250896057348	0,276785714286	
246	0,250896057348	0,276785714286	
247	0,250896057348	0,276785714286	
248	0,250896057348	0,276785714286	
249	0,250896057348	0,276785714286	
250	0,250896057348	0,276785714286	
251	0,250896057348	0,276785714286	
252	0,250896057348	0,276785714286	
253	0,250896057348	0,276785714286	
254	0,250896057348	0,276785714286	
255	0,250896057348	0,276785714286	
256	0,250896057348	0,276785714286	
257	0,250896057348	0,276785714286	
258	0,250896057348	0,276785714286	
259	0,250896057348	0,276785714286	
260	0,250896057348	0,276785714286	
261	0,250896057348	0,276785714286	
262	0,250896057348	0,276785714286	
263	0,250896057348	0,276785714286	
264	0,250896057348	0,276785714286	
265	0,250896057348	0,276785714286	
266	0,250896057348	0,276785714286	
267	0,250896057348	0,276785714286	
268	0,250896057348	0,276785714286	
269	0,250896057348	0,276785714286	
270	0,250896057348	0,276785714286	
271	0,250896057348	0,276785714286	
272	0,250896057348	0,276785714286	
273	0,250896057348	0,276785714286	
274	0,250896057348	0,276785714286	
275	0,250896057348	0,276785714286	
276	0,250896057348	0,276785714286	
277	0,250896057348	0,276785714286	
278	0,250896057348	0,276785714286	
279	0,250896057348	0,276785714286	
280	0,250896057348	0,276785714286	
281	0,250896057348	0,276785714286	
282	0,250896057348	0,276785714286	
283	0,250896057348	0,276785714286	
284	0,250896057348	0,276785714286	
285	0,250896057348	0,276785714286	
286	0,250896057348	0,276785714286	
287	0,250896057348	0,276785714286	
288	0,250896057348	0,276785714286	
289	0,250896057348	0,276785714286	
290	0,250896057348	0,276785714286	
291	0,250896057348	0,276785714286	
292	0,250896057348	0,276785714286	
293	0,250896057348	0,276785714286	
294	0,250896057348	0,276785714286	
295	0,250896057348	0,276785714286	
296	0,250896057348	0,276785714286	
297	0,250896057348	0,276785714286	
298	0,250896057348	0,276785714286	
299	0,250896057348	0,276785714286	
300	0,250896057348	0,276785714286	
301	0,250896057348	0,276785714286	
302	0,250896057348	0,276785714286	
303	0,250896057348	0,276785714286	
304	0,250896057348	0,276785714286	
305	0,250896057348	0,276785714286	
306	0,250896057348	0,276785714286	
307	0,250896057348	0,276785714286	
308	0,250896057348	0,276785714286	
309	0,250896057348	0,276785714286	
310	0,250896057348	0,276785714286	
311	0,250896057348	0,276785714286	
312	0,250896057348	0,276785714286	
313	0,250896057348	0,276785714286	
314	0,250896057348	0,276785714286	
315	0,250896057348	0,276785714286	
316	0,250896057348	0,276785714286	
317	0,250896057348	0,276785714286	
318	0,250896057348	0,276785714286	
319	0,250896057348	0,276785714286	
320	0,250896057348	0,276785714286	
321	0,250896057348	0,276785714286	
322	0,250896057348	0,276785714286	
323	0,250896057348	0,276785714286	
324	0,250896057348	0,276785714286	
325	0,250896057348	0,276785714286	
326	0,250896057348	0,276785714286	
327	0,250896057348	0,276785714286	
328	0,250896057348	0,276785714286	
329	0,250896057348	0,276785714286	
330	0,250896057348	0,276785714286	
331	0,250896057348	0,276785714286	
332	0,250896057348	0,276785714286	
333	0,250896057348	0,276785714286	
334	0,250896057348	0,276785714286	
335	0,250896057348	0,276785714286	
336	0,250896057348	0,276785714286	
337	0,250896057348	0,276785714286	
338	0,250896057348	0,276785714286	
339	0,250896057348	0,276785714286	
340	0,250896057348	0,276785714286	
341	0,250896057348	0,276785714286	
342	0,250896057348	0,276785714286	
343	0,250896057348	0,276785714286	
344	0,250896057348	0,276785714286	
345	0,250896057348	0,276785714286	
346	0,250896057348	0,276785714286	
347	0,250896057348	0,276785714286	
348	0,250896057348	0,276785714286	
349	0,250896057348	0,276785714286	
350	0,250896057348	0,276785714286	
351	0,250896057348	0,276785714286	
352	0,250896057348	0,276785714286	
353	0,250896057348	0,276785714286	
354	0,250896057348	0,276785714286	
355	0,250896057348	0,276785714286	
356	0,250896057348	0,276785714286	
357	0,250896057348	0,276785714286	
358	0,250896057348	0,276785714286	
359	0,250896057348	0,276785714286	
360	0,250896057348	0,276785714286	
361	0,250896057348	0,276785714286	
362	0,250896057348	0,276785714286	
363	0,250896057348	0,276785714286	
364	0,250896057348	0,276785714286	
365	0,250896057348	0,276785714286	
366	0,250896057348	0,276785714286	
367	0,250896057348	0,276785714286	
368	0,250896057348	0,276785714286	
369	0,250896057348	0,276785714286	
370	0,250896057348	0,276785714286	
371	0,250896057348	0,276785714286	
372	0,250896057348	0,276785714286	
373	0,250896057348	0,276785714286	
374	0,250896057348	0,276785714286	
375	0,250896057348	0,276785714286	
376	0,250896057348	0,276785714286	
377	0,250896057348	0,276785714286	
378	0,250896057348	0,276785714286	
379	0,250896057348	0,276785714286	
380	0,250896057348	0,276785714286	
381	0,250896057348	0,276785714286	
382	0,250896057348	0,276785714286	
383	0,250896057348	0,276785714286	
384	0,250896057348	0,276785714286	
385	0,250896057348	0,276785714286	
386	0,250896057348	0,276785714286	
387	0,250896057348	0,276785714286	
388	0,250896057348	0,276785714286	
389	0,250896057348	0,276785714286	
390	0,250896057348	0,276785714286	
391	0,250896057348	0,276785714286	
392	0,250896057348	0,276785714286	
393	0,250896057348	0,276785714286	
394	0,250896057348	0,276785714286	
395	0,250896057348	0,276785714286	
396	0,250896057348	0,276785714286	
397	0,250896057348	0,276785714286	
398	0,250896057348	0,276785714286	
399	0,250896057348	0,276785714286	
400	0,250896057348	0,276785714286	
401	0,250896057348	0,276785714286	
402	0,250896057348	0,276785714286	
403	0,250896057348	0,276785714286	
404	0,250896057348	0,276785714286	
405	0,250896057348	0,276785714286	
406	0,250896057348	0,276785714286	
407	0,250896057348	0,276785714286	
408	0,250896057348	0,276785714286	
409	0,250896057348	0,276785714286	
410	0,250896057348	0,276785714286	
411	0,250896057348	0,276785714286	
412	0,250896057348	0,276785714286	
413	0,250896057348	0,276785714286	
414	0,250896057348	0,276785714286	
415	0,250896057348	0,276785714286	
416	0,250896057348	0,276785714286	
417	0,250896057348	0,276785714286	
418	0,250896057348	0,276785714286	
419	0,250896057348	0,276785714286	
420	0,250896057348	0,276785714286	
421	0,250896057348	0,276785714286	
422	0,250896057348	0,276785714286	
423	0,250896057348	0,276785714286	
424	0,250896057348	0,276785714286	
425	0,250896057348	0,276785714286	
426	0,250896057348	0,276785714286	
427	0,250896057348	0,276785714286	
428	0,250896057348	0,276785714286	
429	0,250896057348	0,276785714286	
430	0,250896057348	0,276785714286	
431	0,250896057348	0,276785714286	
432	0,250896057348	0,276785714286	
433	0,250896057348	0,276785714286	
434	0,250896057348	0,276785714286	
435	0,250896057348	0,276785714286	
436	0,250896057348	0,276785714286	
437	0,250896057348	0,276785714286	
438	0,250896057348	0,276785714286	
439	0,250896057348	0,276785714286	
440	0,250896057348	0,276785714286	
441	0,250896057348	0,276785714286	
442	0,250896057348	0,276785714286	
443	0,250896057348	0,276785714286	
444	0,250896057348	0,276785714286	
445	0,250896057348	0,276785714286	
446	0,250896057348	0,276785714286	
447	0,250896057348	0,276785714286	
448	0,250896057348	0,276785714286	
449	0,250896057348	0,276785714286	
450	0,250896057348	0,276785714286	
451	0,250896057348	0,276785714286	
452	0,250896057348	0,276785714286	
453	0,250896057348	0,276785714286	
454	0,250896057348	0,276785714286	
455	0,250896057348	0,276785714286	
456	0,250896057348	0,276785714286	
457	0,250896057348	0,276785714286	
458	0,250896057348	0,276785714286	
459	0,250896057348	0,276785714286	
460	0,250896057348	0,276785714286	
461	0,250896057348	0,276785714286	
462	0,250896057348	0,276785714286	
463	0,250896057348	0,276785714286	
464	0,250896057348	0,276785714286	
465	0,250896057348	0,276785714286	
466	0,250896057348	0,276785714286	
467	0,250896057348	0,276785714286	
468	0,250896057348	0,276785714286	
469	0,250896057348	0,276785714286	
470	0,250896057348	0,276785714286	
471	0,250896057348	0,276785714286	
472	0,250896057348	0,276785714286	
473	0,250896057348	0,276785714286	
474	0,250896057348	0,276785714286	
475	0,250896057348	0,276785714286	
476	0,250896057348	0,276785714286	
477	0,250896057348	0,276785714286	
478	0,250896057348	0,276785714286	
479	0,250896057348	0,276785714286	
480	0,250896057348	0,276785714286	
481	0,250896057348	0,276785714286	
482	0,250896057348	0,276785714286	
483	0,250896057348	0,276785714286	
484	0,250896057348	0,276785714286	
485	0,250896057348	0,276785714286	
486	0,250896057348	0,276785714286	
487	0,250896057348	0,276785714286	
488	0,250896057348	0,276785714286	
489	0,250896057348	0,276785714286	
490	0,250896057348	0,276785714286	
491	0,250896057348	0,276785714286	
492	0,250896057348	0,276785714286	
493	0,250896057348	0,276785714286	
494	0,250896057348	0,276785714286	
495	0,250896057348	0,276785714286	
496	0,250896057348	0,276785714286	
497	0,250896057348	0,276785714286	
498	0,250896057348	0,276785714286	
499	0,250896057348	0,276785714286	
500	0,250896057348	0,276785714286	
501	0,250896057348	0,276785714286	
502	0,250896057348	0,276785714286	
503	0,250896057348	0,276785714286	
504	0,250896057348	0,276785714286	
505	0,250896057348	0,276785714286	
506	0,250896057348	0,276785714286	
507	0,250896057348	0,276785714286	
508	0,250896057348	0,276785714286	
509	0,250896057348	0,276785714286	
510	0,250896057348	0,276785714286	
511	0,250896057348	0,276785714286	
512	0,250896057348	0,276785714286	
513	0,250896057348	0,276785714286	
514	0,250896057348	0,276785714286	
515	0,250896057348	0,276785714286	
516	0,250896057348	0,276785714286	
517	0,250896057348	0,276785714286	
518	0,250896057348	0,276785714286	
519	0,250896057348	0,276785714286	
520	0,250896057348	0,276785714286	
521	0,250896057348	0,276785714286	
522	0,250896057348	0,276785714286	
523	0,250896057348	0,276785714286	
524	0,250896057348	0,276785714286	
525	0,250896057348	0,276785714286	
526	0,250896057348	0,276785714286	
527	0,250896057348	0,276785714286	
528	0,250896057348	0,276785714286	
529	0,250896057348	0,276785714286	
530	0,250896057348	0,276785714286	
531	0,250896057348	0,276785714286	
532	0,250896057348	0,276785714286	
533	0,250896057348	0,276785714286	
534	0,250896057348	0,276785714286	
535	0,250896057348	0,276785714286	
536	0,250896057348	0,276785714286	
537	0,250896057348	0,276785714286	
538	0,250896057348	0,276785714286	
539	0,250896057348	0,276785714286	
540	0,250896057348	0,276785714286	
541	0,250896057348	0,276785714286	
542	0,250896057348	0,276785714286	
543	0,250896057348	0,276785714286	
544	0,250896057348	0,276785714286	
545	0,250896057348	0,276785714286	
546	0,250896057348	0,276785714286	
547	0,250896057348	0,276785714286	
548	0,250896057348	0,276785714286	
549	0,250896057348	0,276785714286	
550	0,250896057348	0,276785714286	
551	0,250896057348	0,276785714286	
552	0,250896057348	0,276785714286	
553	0,250896057348	0,276785714286	
554	0,250896057348	0,276785714286	
555	0,250896057348	0,276785714286	
556	0,250896057348	0,276785714286	
557	0,250896057348	0,276785714286	
558	0,250896057348	0,276785714286	
559	0,250896057348	0,276785714286	
560	0,250896057348	0,276785714286	
561	0,250896057348	0,276785714286	
562	0,250896057348	0,276785714286	
563	0,250896057348	0,276785714286	
564	0,250896057348	0,276785714286	
565	0,250896057348	0,276785714286	
566	0,250896057348	0,276785714286	
567	0,250896057348	0,276785714286	
568	0,250896057348	0,276785714286	
569	0,250896057348	0,276785714286	
570	0,250896057348	0,276785714286	
571	0,250896057348	0,276785714286	
572	0,250896057348	0,276785714286	
573	0,250896057348	0,276785714286	
574	0,250896057348	0,276785714286	
575	0,250896057348	0,276785714286	
576	0,250896057348	0,276785714286	
577	0,250896057348	0,276785714286	
578	0,250896057348	0,276785714286	
579	0,250896057348	0,276785714286	
580	0,250896057348	0,276785714286	
581	0,250896057348	0,276785714286	
582	0,250896057348	0,276785714286	
583	0,250896057348	0,276785714286	
584	0,250896057348	0,276785714286	
585	0,250896057348	0,276785714286	
586	0,250896057348	0,276785714286	
587	0,250896057348	0,276785714286	
588	0,250896057348	0,276785714286	
589	0,250896057348	0,276785714286	
590	0,250896057348	0,276785714286	
591	0,250896057348	0,276785714286	
592	0,250896057348	0,276785714286	
593	0,250896057348	0,276785714286	
594	0,250896057348	0,276785714286	
595	0,250896057348	0,276785714286	
596	0,250896057348	0,276785714286	
597	0,250896057348	0,276785714286	
598	0,250896057348	0,276785714286	
599	0,250896057348	0,276785714286	
600	0,250896057348	0,276785714286	
601	0,250896057348	0,276785714286	
602	0,250896057348	0,276785714286	
603	0,250896057348	0,276785714286	
604	0,250896057348	0,276785714286	
605	0,250896057348	0,276785714286	
606	0,250896057348	0,276785714286	
607	0,250896057348	0,276785714286	
608	0,250896057348	0,276785714286	
609	0,250896057348	0,276785714286	
610	0,250896057348	0,276785714286	
611	0,250896057348	0,276785714286	
612	0,250896057348	0,276785714286	
613	0,250896057348	0,276785714286	
614	0,250896057348	0,276785714286	
615	0,250896057348	0,276785714286	
616	0,250896057348	0,276785714286	
617	0,250896057348	0,276785714286	
618	0,250896057348	0,276785714286	
619	0,250896057348	0,276785714286	
620	0,250896057348	0,276785714286	
621	0,250896057348	0,276785714286	
622	0,250896057348	0,276785714286	
623	0,250896057348	0,276785714286	
624	0,250896057348	0,276785714286	
625	0,250896057348	0,276785714286	
626	0,250896057348	0,276785714286	
627	0,250896057348	0,276785714286	
628	0,250896057348	0,276785714286	
629	0,250896057348	0,276785714286	
630	0,250896057348	0,276785714286	
631	0,250896057348	0,276785714286	
632	0,250896057348	0,276785714286	
633	0,250896057348	0,276785714286	
634	0,250896057348	0,276785714286	
635	0,250896057348	0,276785714286	
636	0,250896057348	0,276785714286	
637	0,250896057348	0,276785714286	
638	0,250896057348	0,276785714286	
639	0,250896057348	0,276785714286	
640	0,250896057348	0,276785714286	
641	0,250896057348	0,276785714286	
642	0,250896057348	0,276785714286	
643	0,250896057348	0,276785714286	
644	0,250896057348	0,276785714286	
645	0,250896057348	0,276785714286	
646	0,250896057348	0,276785714286	
647	0,250896057348	0,276785714286	
648	0,250896057348	0,276785714286	
649	0,250896057348	0,276785714286	
650	0,250896057348	0,276785714286	
651	0,250896057348	0,276785714286	
652	0,250896057348	0,276785714286	
653	0,250896057348	0,276785714286	
654	0,250896057348	0,276785714286	
655	0,250896057348	0,276785714286	
656	0,250896057348	0,276785714286	
657	0,250896057348	0,276785714286	
658	0,250896057348	0,276785714286	
659	0,250896057348	0,276785714286	
660	0,250896057348	0,276785714286	
661	0,250896057348	0,276785714286	
662	0,250896057348	0,276785714286	
663	0,250896057348	0,276785714286	
664	0,250896057348	0,276785714286	
665	0,250896057348	0,276785714286	
666	0,250896057348	0,276785714286	
667	0,250896057348	0,276785714286	
668	0,250896057348	0,276785714286	
669	0,250896057348	0,276785714286	
670	0,250896057348	0,276785714286	
671	0,250896057348	0,276785714286	
672	0,250896057348	0,276785714286	
673	0,250896057348	0,276785714286	
674	0,250896057348	0,276785714286	
675	0,250896057348	0,276785714286	
676	0,250896057348	0,276785714286	
677	0,250896057348	0,276785714286	
678	0,250896057348	0,276785714286	
679	0,250896057348	0,276785714286	
680	0,250896057348	0,276785714286	
681	0,250896057348	0,276785714286	
682	0,250896057348	0,276785714286	
683	0,250896057348	0,276785714286	
684	0,250896057348	0,276785714286	
685	0,250896057348	0,276785714286	
686	0,250896057348	0,276785714286	
687	0,250896057348	0,276785714286	
688	0,250896057348	0,276785714286	
689	0,250896057348	0,276785714286	
690	0,250896057348	0,276785714286	
691	0,250896057348	0,276785714286	
692	0,250896057348	0,276785714286	
693	0,250896057348	0,276785714286	
694	0,250896057348	0,276785714286	
695	0,250896057348	0,276785714286	
696	0,250896057348	0,276785714286	
697	0,250896057348	0,276785714286	
698	0,250896057348	0,276785714286	
699	0,250896057348	0,276785714286	
700	0,250896057348	0,276785714286	
701	0,250896057348	0,276785714286	
702	0,250896057348	0,276785714286	
703	0,250896057348	0,276785714286	
704	0,250896057348	0,276785714286	
705	0,250896057348	0,276785714286	
706	0,250896057348	0,276785714286	
707	0,250896057348	0,276785714286	
708	0,250896057348	0,276785714286	
709	0,250896057348	0,276785714286	
710	0,250896057348	0,276785714286	
711	0,250896057348	0,276785714286	
712	0,250896057348	0,276785714286	
713	0,250896057348	0,276785714286	
714	0,250896057348	0,276785714286	
715	0,250896057348	0,276785714286	
716	0,250896057348	0,276785714286	
717	0,250896057348	0,276785714286	
718	0,250896057348	0,276785714286	
719	0,250896057348	0,276785714286	
720	0,250896057348	0,276785714286	
721	0,250896057348	0,276785714286	
722	0,250896057348	0,276785714286	
723	0,250896057348	0,276785714286	
724	0,250896057348	0,276785714286	
725	0,250896057348	0,276785714286	
726	0,250896057348	0,276785714286	
727	0,250896057348	0,276785714286	
728	0,250896057348	0,276785714286	
729	0,250896057348	0,276785714286	
730	0,250896057348	0,276785714286	
731	0,250896057348	0,276785714286	
732	0,250896057348	0,276785714286	
733	0,250896057348	0,276785714286	
734	0,250896057348	0,276785714286	
735	0,250896057348	0,276785714286	
736	0,250896057348	0,276785714286	
737	0,250896057348	0,276785714286	
738	0,250896057348	0,276785714286	
739	0,250896057348	0,276785714286	
740	0,250896057348	0,276785714286	
741	0,250896057348	0,276785714286	
742	0,250896057348	0,276785714286	
743	0,250896057348	0,276785714286	
744	0,250896057348	0,276785714286	
745	0,250896057348	0,276785714286	
746	0,250896057348	0,276785714286	
747	0,250896057348	0,276785714286	
748	0,250896057348	0,276785714286	
749	0,250896057348	0,276785714286	
750	0,250896057348	0,276785714286	
751	0,250896057348	0,276785714286	
752	0,250896057348	0,276785714286	
753	0,250896057348	0,276785714286	
754	0,250896057348	0,276785714286	
755	0,250896057348	0,276785714286	
756	0,250896057348	0,276785714286	
757	0,250896057348	0,276785714286	
758	0,250896057348	0,276785714286	
759	0,250896057348	0,276785714286	
760	0,250896057348	0,276785714286	
761	0,250896057348	0,276785714286	
762	0,250896057348	0,276785714286	
763	0,250896057348	0,276785714286	
764	0,250896057348	0,276785714286	
765	0,250896057348	0,276785714286	
766	0,250896057348	0,276785714286	
767	0,250896057348	0,276785714286	
768	0,250896057348	0,276785714286	
769	0,250896057348	0,276785714286	
770	0,250896057348	0,276785714286	
771	0,250896057348	0,276785714286	
772	0,250896057348	0,276785714286	
773	0,250896057348	0,276785714286	
774	0,250896057348	0,276785714286	
775	0,250896057348	0,276785714286	
776	0,250896057348	0,276785714286	
777	0,250896057348	0,276785714286	
778	0,250896057348	0,276785714286	
779	0,250896057348	0,276785714286	
780	0,250896057348	0,276785714286	
781	0,250896057348	0,276785714286	
782	0,250896057348	0,276785714286	
783	0,250896057348	0,276785714286	
784	0,250896057348	0,276785714286	
785	0,250896057348	0,276785714286	
786	0,250896057348	0,276785714286	
787	0,250896057348	0,276785714286	
788	0,250896057348	0,276785714286	
789	0,250896057348	0,276785714286	
790	0,250896057348	0,276785714286	
791	0,250896057348	0,276785714286	
792	0,250896057348	0,276785714286	
793	0,250896057348	0,276785714286	
794	0,250896057348	0,276785714286	
795	0,250896057348	0,276785714286	
796	0,250896057348	0,276785714286	
797	0,250896057348	0,276785714286	
798	0,250896057348	0,276785714286	
799	0,250896057348	0,276785714286	
800	0,250896057348	0,276785714286	
801	0,250896057348	0,276785714286	
802	0,250896057348	0,276785714286	
803	0,250896057348	0,276785714286	
804	0,250896057348	0,276785714286	
805	0,250896057348	0,276785714286	
806	0,250896057348	0,276785714286	
807	0,250896057348	0,276785714286	
808	0,250896057348	0,276785714286	
809	0,250896057348	0,276785714286	
810	0,250896057348	0,276785714286	
811	0,250896057348	0,276785714286	
812	0,250896057348	0,276785714286	
813	0,250896057348	0,276785714286	
814	0,250896057348	0,276785714286	
815	0,250896057348	0,276785714286	
816	0,250896057348	0,276785714286	
817	0,250896057348	0,276785714286	
818	0,250896057348	0,276785714286	
819	0,250896057348	0,276785714286	
820	0,250896057348	0,276785714286	
821	0,250896057348	0,276785714286	
822	0,250896057348	0,276785714286	
823	0,250896057348	0,276785714286	
824	0,250896057348	0,276785714286	
825	0,250896057348	0,276785714286	
826	0,250896057348	0,276785714286	
827	0,250896057348	0,276785714286	
828	0,250896057348	0,276785714286	
829	0,250896057348	0,276785714286	
830	0,250896057348	0,276785714286	
831	0,250896057348	0,276785714286	
832	0,250896057348	0,276785714286	
833	0,250896057348	0,276785714286	
834	0,250896057348	0,276785714286	
835	0,250896057348	0,276785714286	
836	0,250896057348	0,276785714286	
837	0,250896057348	0,276785714286	
838	0,250896057348	0,276785714286	
839	0,250896057348	0,276785714286	
840	0,250896057348	0,276785714286	
841	0,250896057348	0,276785714286	
842	0,250896057348	0,276785714286	
843	0,250896057348	0,276785714286	
844	0,250896057348	0,276785714286	
845	0,250896057348	0,276785714286	
846	0,250896057348	0,276785714286	
847	0,250896057348	0,276785714286	
848	0,250896057348	0,276785714286	
849	0,250896057348	0,276785714286	
850	0,250896057348	0,276785714286	
851	0,250896057348	0,276785714286	
852	0,250896057348	0,276785714286	
853	0,250896057348	0,276785714286	
854	0,250896057348	0,276785714286	
855	0,250896057348	0,276785714286	
856	0,250896057348	0,276785714286	
857	0,250896057348	0,276785714286	
858	0,250896057348	0,276785714286	
859	0,250896057348	0,276785714286	
860	0,250896057348	0,276785714286	
861	0,250896057348	0,276785714286	
862	0,250896057348	0,276785714286	
863	0,250896057348	0,276785714286	
864	0,250896057348	0,276785714286	
865	0,250896057348	0,276785714286	
866	0,250896057348	0,276785714286	
867	0,250896057348	0,276785714286	
868	0,250896057348	0,276785714286	
869	0,250896057348	0,276785714286	
870	0,250896057348	0,276785714286	
871	0,250896057348	0,276785714286	
872	0,250896057348	0,276785714286	
873	0,250896057348	0,276785714286	
874	0,250896057348	0,276785714286	
875	0,250896057348	0,276785714286	
876	0,250896057348	0,276785714286	
877	0,250896057348	0,276785714286	
878	0,250896057348	0,276785714286	
879	0,250896057348	0,276785714286	
880	0,250896057348	0,276785714286	
881	0,250896057348	0,276785714286	
882	0,250896057348	0,276785714286	
883	0,250896057348	0,276785714286	
884	0,250896057348	0,276785714286	
885	0,250896057348	0,276785714286	
886	0,250896057348	0,276785714286	
887	0,250896057348	0,276785714286	
888	0,250896057348	0,276785714286	
889	0,250896057348	0,276785714286	
890	0,250896057348	0,276785714286	
891	0,250896057348	0,276785714286	
892	0,250896057348	0,276785714286	
893	0,250896057348	0,276785714286	
894	0,250896057348	0,276785714286	
895	0,250896057348	0,276785714286	
896	0,250896057348	0,276785714286	
897	0,250896057348	0,276785714286	
898	0,250896057348	0,276785714286	
899	0,250896057348	0,276785714286	
900	0,250896057348	0,276785714286	
901	0,250896057348	0,276785714286	
902	0,250896057348	0,276785714286	
903	0,250896057348	0,276785714286	
904	0,250896057348	0,276785714286	
905	0,250896057348	0,276785714286	
906	0,250896057348	0,276785714286	
907	0,250896057348	0,276785714286	
908	0,250896057348	0,276785714286	
909	0,250896057348	0,276785714286	
910	0,250896057348	0,276785714286	
911	0,250896057348	0,276785714286	
912	0,250896057348	0,276785714286	
913	0,250896057348	0,276785714286	
914	0,250896057348	0,276785714286	
915	0,250896057348	0,276785714286	
916	0,250896057348	0,276785714286	
917	0,250896057348	0,276785714286	
918	0,250896057348	0,276785714286	
919	0,250896057348	0,276785714286	
920	0,250896057348	0,276785714286	
921	0,250896057348	0,276785714286	
922	0,250896057348	0,276785714286	
923	0,250896057348	0,276785714286	
924	0,250896057348	0,276785714286	
925	0,250896057348	0,276785714286	
926	0,250896057348	0,276785714286	
927	0,250896057348	0,276785714286	
928	0,250896057348	0,276785714286	
929	0,250896057348	0,276785714286	
930	0,250896057348	0,276785714286	
931	0,250896057348	0,276785714286	
932	0,250896057348	0,276785714286	
933	0,250896057348	0,276785714286	
934	0,250896057348	0,276785714286	
935	0,250896057348	0,276785714286	
936	0,250896057348	0,276785714286	
937	0,250896057348	0,276785714286	
938	0,250896057348	0,276785714286	
939	0,250896057348	0,276785714286	
940	0,250896057348	0,276785714286	
941	0,250896057348	0,276785714286	
942	0,250896057348	0,276785714286	
943	0,250896057348	0,276785714286	
944	0,250896057348	0,276785714286	
945	0,250896057348	0,276785714286	
946	0,250896057348	0,276785714286	
947	0,250896057348	0,276785714286	
948	0,250896057348	0,276785714286	
949	0,250896057348	0,276785714286	
950	0,250896057348	0,276785714286	
951	0,250896057348	0,276785714286	
952	0,250896057348	0,276785714286	
953	0,250896057348	0,276785714286	
954	0,250896057348	0,276785714286	
955	0,250896057348	0,276785714286	
956	0,250896057348	0,276785714286	
957	0,250896057348	0,276785714286	
958	0,250896057348	0,276785714286	
959	0,250896057348	0,276785714286	
960	0,250896057348	0,276785714286	
961	0,250896057348	0,276785714286	
962	0,250896057348	0,276785714286	
963	0,250896057348	0,276785714286	
964	0,250896057348	0,276785714286	
965	0,250896057348	0,276785714286	
966	0,250896057348	0,276785714286	
967	0,250896057348	0,276785714286	
968	0,250896057348	0,276785714286	
969	0,250896057348	0,276785714286	
970	0,250896057348	0,276785714286	
971	0,250896057348	0,276785714286	
972	0,250896057348	0,276785714286	
973	0,250896057348	0,276785714286	
974	0,250896057348	0,276785714286	
975	0,250896057348	0,276785714286	
976	0,250896057348	0,276785714286	
977	0,250896057348	0,276785714286	
978	0,250896057348	0,276785714286	
979	0,250896057348	0,276785714286	
980	0,250896057348	0,276785714286	
981	0,250896057348	0,276785714286	
982	0,250896057348	0,276785714286	
983	0,250896057348	0,276785714286	
984	0,250896057348	0,276785714286	
985	0,250896057348	0,276785714286	
986	0,250896057348	0,276785714286	
987	0,250896057348	0,276785714286	
988	0,250896057348	0,276785714286	
989	0,250896057348	0,276785714286	
990	0,250896057348	0,276785714286	
991	0,250896057348	0,276785714286	
992	0,250896057348	0,276785714286	
993	0,250896057348	0,276785714286	
994	0,250896057348	0,276785714286	
995	0,250896057348	0,276785714286	
996	0,250896057348	0,276785714286	
997	0,250896057348	0,276785714286	
998	0,250896057348	0,276785714286	
999	0,250896057348	0,276785714286	
