Época	Error de test	Error train	Array de pesos
0	0,0430107526882	0,0208333333333	
1	0,0465949820789	0,0208333333333	
2	0,0430107526882	0,0208333333333	
3	0,0430107526882	0,0208333333333	
4	0,0430107526882	0,0208333333333	
5	0,0430107526882	0,0208333333333	
6	0,0430107526882	0,0208333333333	
7	0,0465949820789	0,0178571428571	
8	0,0465949820789	0,0178571428571	
9	0,0465949820789	0,0178571428571	
10	0,0465949820789	0,0178571428571	
11	0,0465949820789	0,0178571428571	
12	0,0465949820789	0,0178571428571	
13	0,0465949820789	0,0178571428571	
14	0,0465949820789	0,0178571428571	
15	0,0465949820789	0,0178571428571	
16	0,0465949820789	0,0178571428571	
17	0,0430107526882	0,0178571428571	
18	0,0430107526882	0,0178571428571	
19	0,0465949820789	0,0178571428571	
20	0,0465949820789	0,0178571428571	
21	0,0465949820789	0,0178571428571	
22	0,0465949820789	0,0178571428571	
23	0,0430107526882	0,0178571428571	
24	0,0430107526882	0,0178571428571	
25	0,0430107526882	0,0178571428571	
26	0,0430107526882	0,0178571428571	
27	0,0430107526882	0,0178571428571	
28	0,0430107526882	0,0178571428571	
29	0,0430107526882	0,0178571428571	
30	0,0465949820789	0,0178571428571	
31	0,0465949820789	0,0178571428571	
32	0,0465949820789	0,0178571428571	
33	0,0501792114695	0,0178571428571	
34	0,0501792114695	0,0178571428571	
35	0,0501792114695	0,0178571428571	
36	0,0501792114695	0,0178571428571	
37	0,0573476702509	0,0178571428571	
38	0,0573476702509	0,0178571428571	
39	0,0573476702509	0,0178571428571	
40	0,0573476702509	0,014880952381	
41	0,0573476702509	0,014880952381	
42	0,0573476702509	0,014880952381	
43	0,0609318996416	0,014880952381	
44	0,0609318996416	0,014880952381	
45	0,0609318996416	0,014880952381	
46	0,0645161290323	0,014880952381	
47	0,0645161290323	0,014880952381	
48	0,0645161290323	0,014880952381	
49	0,0645161290323	0,014880952381	
50	0,0609318996416	0,014880952381	
51	0,0609318996416	0,014880952381	
52	0,0609318996416	0,014880952381	
53	0,0609318996416	0,014880952381	
54	0,0609318996416	0,014880952381	
55	0,0609318996416	0,014880952381	
56	0,0609318996416	0,014880952381	
57	0,0609318996416	0,014880952381	
58	0,0609318996416	0,014880952381	
59	0,0609318996416	0,014880952381	
60	0,0609318996416	0,014880952381	
61	0,0609318996416	0,014880952381	
62	0,0609318996416	0,014880952381	
63	0,0609318996416	0,014880952381	
64	0,0609318996416	0,014880952381	
65	0,0609318996416	0,014880952381	
66	0,0609318996416	0,014880952381	
67	0,0609318996416	0,014880952381	
68	0,0609318996416	0,014880952381	
69	0,0609318996416	0,014880952381	
70	0,0609318996416	0,014880952381	
71	0,0609318996416	0,014880952381	
72	0,0609318996416	0,014880952381	
73	0,0609318996416	0,014880952381	
74	0,0609318996416	0,014880952381	
75	0,0609318996416	0,014880952381	
76	0,0609318996416	0,014880952381	
77	0,0609318996416	0,014880952381	
78	0,0609318996416	0,014880952381	
79	0,0609318996416	0,014880952381	
80	0,0609318996416	0,014880952381	
81	0,0609318996416	0,014880952381	
82	0,0609318996416	0,014880952381	
83	0,0609318996416	0,014880952381	
84	0,0609318996416	0,014880952381	
85	0,0609318996416	0,014880952381	
86	0,0609318996416	0,014880952381	
87	0,0609318996416	0,014880952381	
88	0,0609318996416	0,014880952381	
89	0,0573476702509	0,014880952381	
90	0,0573476702509	0,014880952381	
91	0,0573476702509	0,014880952381	
92	0,0573476702509	0,014880952381	
93	0,0573476702509	0,014880952381	
94	0,0573476702509	0,014880952381	
95	0,0573476702509	0,014880952381	
96	0,0573476702509	0,014880952381	
97	0,0609318996416	0,014880952381	
98	0,0645161290323	0,014880952381	
99	0,0645161290323	0,0119047619048	
100	0,0645161290323	0,0119047619048	
101	0,0645161290323	0,0119047619048	
102	0,0645161290323	0,0119047619048	
103	0,0645161290323	0,0119047619048	
104	0,0645161290323	0,0119047619048	
105	0,0645161290323	0,0119047619048	
106	0,0645161290323	0,0119047619048	
107	0,0645161290323	0,0119047619048	
108	0,0645161290323	0,0119047619048	
109	0,0645161290323	0,0119047619048	
110	0,0645161290323	0,0119047619048	
111	0,0645161290323	0,0119047619048	
112	0,0645161290323	0,0119047619048	
113	0,0645161290323	0,0119047619048	
114	0,0645161290323	0,0119047619048	
115	0,0645161290323	0,0119047619048	
116	0,0609318996416	0,0119047619048	
117	0,0609318996416	0,0119047619048	
118	0,0609318996416	0,0119047619048	
119	0,0609318996416	0,0119047619048	
120	0,0609318996416	0,0119047619048	
121	0,0609318996416	0,0119047619048	
122	0,0609318996416	0,0119047619048	
123	0,0609318996416	0,0119047619048	
124	0,0609318996416	0,0119047619048	
125	0,0609318996416	0,0119047619048	
126	0,0609318996416	0,0119047619048	
127	0,0609318996416	0,0119047619048	
128	0,0609318996416	0,0119047619048	
129	0,0609318996416	0,0119047619048	
130	0,0609318996416	0,0119047619048	
131	0,0609318996416	0,00892857142857	
132	0,0609318996416	0,00892857142857	
133	0,0609318996416	0,00892857142857	
134	0,0609318996416	0,00892857142857	
135	0,0609318996416	0,00892857142857	
136	0,0609318996416	0,00892857142857	
137	0,0609318996416	0,00892857142857	
138	0,0609318996416	0,00892857142857	
139	0,0609318996416	0,00892857142857	
140	0,0609318996416	0,00892857142857	
141	0,0609318996416	0,00892857142857	
142	0,0609318996416	0,00892857142857	
143	0,0609318996416	0,00892857142857	
144	0,0609318996416	0,00892857142857	
145	0,0609318996416	0,00892857142857	
146	0,0609318996416	0,00892857142857	
147	0,0609318996416	0,00892857142857	
148	0,0609318996416	0,00892857142857	
149	0,0609318996416	0,00892857142857	
150	0,0609318996416	0,00892857142857	
151	0,0609318996416	0,00892857142857	
152	0,0609318996416	0,00892857142857	
153	0,0609318996416	0,00892857142857	
154	0,0609318996416	0,00892857142857	
155	0,0609318996416	0,00892857142857	
156	0,0609318996416	0,00892857142857	
157	0,0609318996416	0,00892857142857	
158	0,0609318996416	0,00892857142857	
159	0,0609318996416	0,00892857142857	
160	0,0609318996416	0,00892857142857	
161	0,0609318996416	0,00892857142857	
162	0,0609318996416	0,00892857142857	
163	0,0609318996416	0,00892857142857	
164	0,0609318996416	0,00892857142857	
165	0,0609318996416	0,00892857142857	
166	0,0609318996416	0,00892857142857	
167	0,0609318996416	0,00892857142857	
168	0,0609318996416	0,00892857142857	
169	0,0609318996416	0,00892857142857	
170	0,0609318996416	0,00892857142857	
171	0,0609318996416	0,00892857142857	
172	0,0609318996416	0,00892857142857	
173	0,0609318996416	0,00892857142857	
174	0,0609318996416	0,00892857142857	
175	0,0609318996416	0,00892857142857	
176	0,0609318996416	0,00892857142857	
177	0,0609318996416	0,00892857142857	
178	0,0609318996416	0,00892857142857	
179	0,0609318996416	0,00892857142857	
180	0,0609318996416	0,00892857142857	
181	0,0609318996416	0,00892857142857	
182	0,0609318996416	0,00892857142857	
183	0,0609318996416	0,00892857142857	
184	0,0609318996416	0,00892857142857	
185	0,0609318996416	0,00892857142857	
186	0,0609318996416	0,00892857142857	
187	0,0609318996416	0,00892857142857	
188	0,0609318996416	0,00892857142857	
189	0,0609318996416	0,00892857142857	
190	0,0609318996416	0,00892857142857	
191	0,0609318996416	0,00892857142857	
192	0,0609318996416	0,00892857142857	
193	0,0609318996416	0,00892857142857	
194	0,0609318996416	0,00892857142857	
195	0,0609318996416	0,00892857142857	
196	0,0609318996416	0,00892857142857	
197	0,0609318996416	0,00892857142857	
198	0,0609318996416	0,00892857142857	
199	0,0609318996416	0,00892857142857	
200	0,0609318996416	0,00892857142857	
201	0,0609318996416	0,00892857142857	
202	0,0609318996416	0,00892857142857	
203	0,0609318996416	0,00892857142857	
204	0,0609318996416	0,00892857142857	
205	0,0609318996416	0,00892857142857	
206	0,0609318996416	0,00892857142857	
207	0,0609318996416	0,00892857142857	
208	0,0609318996416	0,00892857142857	
209	0,0609318996416	0,00892857142857	
210	0,0609318996416	0,00892857142857	
211	0,0609318996416	0,00892857142857	
212	0,0609318996416	0,00892857142857	
213	0,0609318996416	0,00892857142857	
214	0,0609318996416	0,00892857142857	
215	0,0609318996416	0,00892857142857	
216	0,0609318996416	0,00892857142857	
217	0,0609318996416	0,00892857142857	
218	0,0609318996416	0,00892857142857	
219	0,0609318996416	0,00892857142857	
220	0,0609318996416	0,00892857142857	
221	0,0609318996416	0,00892857142857	
222	0,0609318996416	0,00892857142857	
223	0,0609318996416	0,00892857142857	
224	0,0609318996416	0,00892857142857	
225	0,0609318996416	0,00892857142857	
226	0,0609318996416	0,00892857142857	
227	0,0609318996416	0,00892857142857	
228	0,0609318996416	0,00892857142857	
229	0,0609318996416	0,00892857142857	
230	0,0609318996416	0,00892857142857	
231	0,0609318996416	0,00892857142857	
232	0,0609318996416	0,00892857142857	
233	0,0609318996416	0,00892857142857	
234	0,0609318996416	0,00892857142857	
235	0,0609318996416	0,00892857142857	
236	0,0609318996416	0,00892857142857	
237	0,0609318996416	0,00892857142857	
238	0,0609318996416	0,00892857142857	
239	0,0609318996416	0,00892857142857	
240	0,0609318996416	0,00892857142857	
241	0,0609318996416	0,00892857142857	
242	0,0609318996416	0,00892857142857	
243	0,0609318996416	0,00892857142857	
244	0,0609318996416	0,00892857142857	
245	0,0609318996416	0,00892857142857	
246	0,0609318996416	0,00892857142857	
247	0,0609318996416	0,00892857142857	
248	0,0609318996416	0,00892857142857	
249	0,0609318996416	0,00892857142857	
250	0,0609318996416	0,00892857142857	
251	0,0609318996416	0,00892857142857	
252	0,0609318996416	0,00892857142857	
253	0,0609318996416	0,00892857142857	
254	0,0609318996416	0,00892857142857	
255	0,0609318996416	0,00892857142857	
256	0,0609318996416	0,00892857142857	
257	0,0609318996416	0,00892857142857	
258	0,0609318996416	0,00892857142857	
259	0,0609318996416	0,00892857142857	
260	0,0609318996416	0,00892857142857	
261	0,0609318996416	0,00892857142857	
262	0,0609318996416	0,00892857142857	
263	0,0609318996416	0,00892857142857	
264	0,0609318996416	0,00892857142857	
265	0,0609318996416	0,00892857142857	
266	0,0609318996416	0,00892857142857	
267	0,0609318996416	0,00892857142857	
268	0,0609318996416	0,00892857142857	
269	0,0609318996416	0,00892857142857	
270	0,0609318996416	0,00892857142857	
271	0,0609318996416	0,00892857142857	
272	0,0609318996416	0,00892857142857	
273	0,0609318996416	0,00892857142857	
274	0,0609318996416	0,00892857142857	
275	0,0609318996416	0,00892857142857	
276	0,0609318996416	0,00892857142857	
277	0,0609318996416	0,00892857142857	
278	0,0609318996416	0,00892857142857	
279	0,0609318996416	0,00892857142857	
280	0,0609318996416	0,00892857142857	
281	0,0609318996416	0,00892857142857	
282	0,0609318996416	0,00892857142857	
283	0,0609318996416	0,00892857142857	
284	0,0609318996416	0,00892857142857	
285	0,0609318996416	0,00892857142857	
286	0,0609318996416	0,00892857142857	
287	0,0609318996416	0,00892857142857	
288	0,0609318996416	0,00892857142857	
289	0,0609318996416	0,00892857142857	
290	0,0609318996416	0,00892857142857	
291	0,0609318996416	0,00892857142857	
292	0,0609318996416	0,00892857142857	
293	0,0609318996416	0,00892857142857	
294	0,0609318996416	0,00892857142857	
295	0,0609318996416	0,00892857142857	
296	0,0609318996416	0,00892857142857	
297	0,0609318996416	0,00892857142857	
298	0,0609318996416	0,00892857142857	
299	0,0609318996416	0,00892857142857	
300	0,0609318996416	0,00892857142857	
301	0,0609318996416	0,00595238095238	
302	0,0609318996416	0,00595238095238	
303	0,0609318996416	0,00595238095238	
304	0,0609318996416	0,00595238095238	
305	0,0609318996416	0,00595238095238	
306	0,0609318996416	0,00595238095238	
307	0,0609318996416	0,00595238095238	
308	0,0609318996416	0,00595238095238	
309	0,0609318996416	0,00595238095238	
310	0,0609318996416	0,00595238095238	
311	0,0609318996416	0,00595238095238	
312	0,0609318996416	0,00595238095238	
313	0,0609318996416	0,00595238095238	
314	0,0609318996416	0,00595238095238	
315	0,0609318996416	0,00595238095238	
316	0,0609318996416	0,00595238095238	
317	0,0609318996416	0,00595238095238	
318	0,0609318996416	0,00595238095238	
319	0,0609318996416	0,00595238095238	
320	0,0609318996416	0,00595238095238	
321	0,0609318996416	0,00595238095238	
322	0,0609318996416	0,00595238095238	
323	0,0609318996416	0,00595238095238	
324	0,0609318996416	0,00595238095238	
325	0,0609318996416	0,00595238095238	
326	0,0609318996416	0,00595238095238	
327	0,0609318996416	0,00595238095238	
328	0,0609318996416	0,00595238095238	
329	0,0609318996416	0,00595238095238	
330	0,0609318996416	0,00595238095238	
331	0,0609318996416	0,00595238095238	
332	0,0609318996416	0,00595238095238	
333	0,0609318996416	0,00595238095238	
334	0,0609318996416	0,00595238095238	
335	0,0609318996416	0,00595238095238	
336	0,0609318996416	0,00595238095238	
337	0,0609318996416	0,00595238095238	
338	0,0609318996416	0,00595238095238	
339	0,0609318996416	0,00595238095238	
340	0,0609318996416	0,00595238095238	
341	0,0609318996416	0,00595238095238	
342	0,0609318996416	0,00595238095238	
343	0,0609318996416	0,00595238095238	
344	0,0609318996416	0,00595238095238	
345	0,0609318996416	0,00595238095238	
346	0,0609318996416	0,00595238095238	
347	0,0609318996416	0,00595238095238	
348	0,0609318996416	0,00595238095238	
349	0,0609318996416	0,00595238095238	
350	0,0609318996416	0,00595238095238	
351	0,0609318996416	0,00595238095238	
352	0,0609318996416	0,00595238095238	
353	0,0609318996416	0,00595238095238	
354	0,0609318996416	0,00595238095238	
355	0,0609318996416	0,00595238095238	
356	0,0609318996416	0,00595238095238	
357	0,0609318996416	0,00595238095238	
358	0,0609318996416	0,00595238095238	
359	0,0609318996416	0,00595238095238	
360	0,0609318996416	0,00595238095238	
361	0,0609318996416	0,00595238095238	
362	0,0609318996416	0,00595238095238	
363	0,0609318996416	0,00595238095238	
364	0,0609318996416	0,00595238095238	
365	0,0609318996416	0,00595238095238	
366	0,0609318996416	0,00595238095238	
367	0,0609318996416	0,00595238095238	
368	0,0609318996416	0,00595238095238	
369	0,0609318996416	0,00595238095238	
370	0,0609318996416	0,00595238095238	
371	0,0609318996416	0,00595238095238	
372	0,0609318996416	0,00595238095238	
373	0,0609318996416	0,00595238095238	
374	0,0609318996416	0,00595238095238	
375	0,0609318996416	0,00595238095238	
376	0,0609318996416	0,00595238095238	
377	0,0609318996416	0,00595238095238	
378	0,0609318996416	0,00595238095238	
379	0,0609318996416	0,00595238095238	
380	0,0609318996416	0,00595238095238	
381	0,0609318996416	0,00595238095238	
382	0,0609318996416	0,00595238095238	
383	0,0609318996416	0,00595238095238	
384	0,0609318996416	0,00595238095238	
385	0,0609318996416	0,00595238095238	
386	0,0609318996416	0,00595238095238	
387	0,0609318996416	0,00595238095238	
388	0,0609318996416	0,00595238095238	
389	0,0609318996416	0,00595238095238	
390	0,0609318996416	0,00595238095238	
391	0,0609318996416	0,00595238095238	
392	0,0609318996416	0,00595238095238	
393	0,0609318996416	0,00595238095238	
394	0,0609318996416	0,00595238095238	
395	0,0609318996416	0,00595238095238	
396	0,0609318996416	0,00595238095238	
397	0,0609318996416	0,00595238095238	
398	0,0609318996416	0,00595238095238	
399	0,0609318996416	0,00595238095238	
400	0,0609318996416	0,00595238095238	
401	0,0609318996416	0,00595238095238	
402	0,0609318996416	0,00595238095238	
403	0,0609318996416	0,00595238095238	
404	0,0609318996416	0,00595238095238	
405	0,0609318996416	0,00595238095238	
406	0,0609318996416	0,00595238095238	
407	0,0609318996416	0,00595238095238	
408	0,0609318996416	0,00595238095238	
409	0,0609318996416	0,00595238095238	
410	0,0609318996416	0,00595238095238	
411	0,0609318996416	0,00595238095238	
412	0,0609318996416	0,00595238095238	
413	0,0609318996416	0,00595238095238	
414	0,0609318996416	0,00595238095238	
415	0,0609318996416	0,00595238095238	
416	0,0609318996416	0,00595238095238	
417	0,0609318996416	0,00595238095238	
418	0,0609318996416	0,00595238095238	
419	0,0609318996416	0,00595238095238	
420	0,0609318996416	0,00595238095238	
421	0,0609318996416	0,00595238095238	
422	0,0609318996416	0,00595238095238	
423	0,0609318996416	0,00595238095238	
424	0,0609318996416	0,00595238095238	
425	0,0609318996416	0,00595238095238	
426	0,0609318996416	0,00595238095238	
427	0,0609318996416	0,00595238095238	
428	0,0609318996416	0,00595238095238	
429	0,0609318996416	0,00595238095238	
430	0,0609318996416	0,00595238095238	
431	0,0609318996416	0,00595238095238	
432	0,0609318996416	0,00595238095238	
433	0,0609318996416	0,00595238095238	
434	0,0609318996416	0,00595238095238	
435	0,0609318996416	0,00595238095238	
436	0,0609318996416	0,00595238095238	
437	0,0609318996416	0,00595238095238	
438	0,0609318996416	0,00595238095238	
439	0,0609318996416	0,00595238095238	
440	0,0609318996416	0,00595238095238	
441	0,0609318996416	0,00595238095238	
442	0,0609318996416	0,00595238095238	
443	0,0609318996416	0,00595238095238	
444	0,0609318996416	0,00595238095238	
445	0,0609318996416	0,00595238095238	
446	0,0609318996416	0,00595238095238	
447	0,0609318996416	0,00595238095238	
448	0,0609318996416	0,00595238095238	
449	0,0609318996416	0,00595238095238	
450	0,0609318996416	0,00595238095238	
451	0,0609318996416	0,00595238095238	
452	0,0609318996416	0,00595238095238	
453	0,0609318996416	0,00595238095238	
454	0,0609318996416	0,00595238095238	
455	0,0609318996416	0,00595238095238	
456	0,0609318996416	0,00595238095238	
457	0,0609318996416	0,00595238095238	
458	0,0609318996416	0,00595238095238	
459	0,0609318996416	0,00595238095238	
460	0,0609318996416	0,00595238095238	
461	0,0609318996416	0,00595238095238	
462	0,0609318996416	0,00595238095238	
463	0,0609318996416	0,00595238095238	
464	0,0609318996416	0,00595238095238	
465	0,0609318996416	0,00595238095238	
466	0,0609318996416	0,00595238095238	
467	0,0609318996416	0,00595238095238	
468	0,0609318996416	0,00595238095238	
469	0,0609318996416	0,00595238095238	
470	0,0609318996416	0,00595238095238	
471	0,0609318996416	0,00595238095238	
472	0,0609318996416	0,00595238095238	
473	0,0609318996416	0,00595238095238	
474	0,0609318996416	0,00595238095238	
475	0,0609318996416	0,00595238095238	
476	0,0609318996416	0,00595238095238	
477	0,0609318996416	0,00595238095238	
478	0,0609318996416	0,00595238095238	
479	0,0609318996416	0,00595238095238	
480	0,0609318996416	0,00595238095238	
481	0,0609318996416	0,00595238095238	
482	0,0609318996416	0,00595238095238	
483	0,0609318996416	0,00595238095238	
484	0,0609318996416	0,00595238095238	
485	0,0609318996416	0,00595238095238	
486	0,0609318996416	0,00595238095238	
487	0,0609318996416	0,00595238095238	
488	0,0609318996416	0,00595238095238	
489	0,0609318996416	0,00595238095238	
490	0,0609318996416	0,00595238095238	
491	0,0609318996416	0,00595238095238	
492	0,0609318996416	0,00595238095238	
493	0,0609318996416	0,00595238095238	
494	0,0609318996416	0,00595238095238	
495	0,0609318996416	0,00595238095238	
496	0,0609318996416	0,00595238095238	
497	0,0609318996416	0,00595238095238	
498	0,0609318996416	0,00595238095238	
499	0,0609318996416	0,00595238095238	
500	0,0609318996416	0,00595238095238	
501	0,0609318996416	0,00595238095238	
502	0,0609318996416	0,00595238095238	
503	0,0609318996416	0,00595238095238	
504	0,0609318996416	0,00595238095238	
505	0,0609318996416	0,00595238095238	
506	0,0609318996416	0,00595238095238	
507	0,0609318996416	0,00595238095238	
508	0,0609318996416	0,00595238095238	
509	0,0609318996416	0,00595238095238	
510	0,0609318996416	0,00595238095238	
511	0,0609318996416	0,00595238095238	
512	0,0609318996416	0,00595238095238	
513	0,0609318996416	0,00595238095238	
514	0,0609318996416	0,00595238095238	
515	0,0609318996416	0,00595238095238	
516	0,0609318996416	0,00595238095238	
517	0,0609318996416	0,00595238095238	
518	0,0609318996416	0,00595238095238	
519	0,0609318996416	0,00595238095238	
520	0,0609318996416	0,00595238095238	
521	0,0609318996416	0,00595238095238	
522	0,0609318996416	0,00595238095238	
523	0,0609318996416	0,00595238095238	
524	0,0609318996416	0,00595238095238	
525	0,0609318996416	0,00595238095238	
526	0,0609318996416	0,00595238095238	
527	0,0609318996416	0,00595238095238	
528	0,0609318996416	0,00595238095238	
529	0,0609318996416	0,00595238095238	
530	0,0609318996416	0,00595238095238	
531	0,0609318996416	0,00595238095238	
532	0,0609318996416	0,00595238095238	
533	0,0609318996416	0,00595238095238	
534	0,0609318996416	0,00595238095238	
535	0,0609318996416	0,00595238095238	
536	0,0609318996416	0,00595238095238	
537	0,0609318996416	0,00595238095238	
538	0,0609318996416	0,00595238095238	
539	0,0609318996416	0,00595238095238	
540	0,0609318996416	0,00595238095238	
541	0,0609318996416	0,00595238095238	
542	0,0609318996416	0,00595238095238	
543	0,0609318996416	0,00595238095238	
544	0,0609318996416	0,00595238095238	
545	0,0609318996416	0,00595238095238	
546	0,0609318996416	0,00595238095238	
547	0,0609318996416	0,00595238095238	
548	0,0609318996416	0,00595238095238	
549	0,0609318996416	0,00595238095238	
550	0,0609318996416	0,00595238095238	
551	0,0609318996416	0,00595238095238	
552	0,0609318996416	0,00595238095238	
553	0,0609318996416	0,00595238095238	
554	0,0609318996416	0,00595238095238	
555	0,0609318996416	0,00595238095238	
556	0,0609318996416	0,00595238095238	
557	0,0609318996416	0,00595238095238	
558	0,0609318996416	0,00595238095238	
559	0,0609318996416	0,00595238095238	
560	0,0609318996416	0,00595238095238	
561	0,0609318996416	0,00595238095238	
562	0,0609318996416	0,00595238095238	
563	0,0609318996416	0,00595238095238	
564	0,0609318996416	0,00595238095238	
565	0,0609318996416	0,00595238095238	
566	0,0609318996416	0,00595238095238	
567	0,0609318996416	0,00595238095238	
568	0,0609318996416	0,00595238095238	
569	0,0609318996416	0,00595238095238	
570	0,0609318996416	0,00595238095238	
571	0,0609318996416	0,00595238095238	
572	0,0609318996416	0,00595238095238	
573	0,0609318996416	0,00595238095238	
574	0,0609318996416	0,00595238095238	
575	0,0609318996416	0,00595238095238	
576	0,0609318996416	0,00595238095238	
577	0,0609318996416	0,00595238095238	
578	0,0609318996416	0,00595238095238	
579	0,0609318996416	0,00595238095238	
580	0,0609318996416	0,00595238095238	
581	0,0609318996416	0,00595238095238	
582	0,0609318996416	0,00595238095238	
583	0,0609318996416	0,00595238095238	
584	0,0609318996416	0,00595238095238	
585	0,0609318996416	0,00595238095238	
586	0,0609318996416	0,00595238095238	
587	0,0609318996416	0,00595238095238	
588	0,0609318996416	0,00595238095238	
589	0,0609318996416	0,00595238095238	
590	0,0609318996416	0,00595238095238	
591	0,0609318996416	0,00595238095238	
592	0,0609318996416	0,00595238095238	
593	0,0609318996416	0,00595238095238	
594	0,0609318996416	0,00595238095238	
595	0,0609318996416	0,00595238095238	
596	0,0609318996416	0,00595238095238	
597	0,0609318996416	0,00595238095238	
598	0,0609318996416	0,00595238095238	
599	0,0609318996416	0,00595238095238	
600	0,0609318996416	0,00595238095238	
601	0,0609318996416	0,00595238095238	
602	0,0609318996416	0,00595238095238	
603	0,0609318996416	0,00595238095238	
604	0,0609318996416	0,00595238095238	
605	0,0609318996416	0,00595238095238	
606	0,0609318996416	0,00595238095238	
607	0,0609318996416	0,00595238095238	
608	0,0609318996416	0,00595238095238	
609	0,0609318996416	0,00595238095238	
610	0,0609318996416	0,00595238095238	
611	0,0609318996416	0,00595238095238	
612	0,0609318996416	0,00595238095238	
613	0,0609318996416	0,00595238095238	
614	0,0609318996416	0,00595238095238	
615	0,0609318996416	0,00595238095238	
616	0,0609318996416	0,00595238095238	
617	0,0609318996416	0,00595238095238	
618	0,0609318996416	0,00595238095238	
619	0,0609318996416	0,00595238095238	
620	0,0609318996416	0,00595238095238	
621	0,0609318996416	0,00595238095238	
622	0,0609318996416	0,00595238095238	
623	0,0609318996416	0,00595238095238	
624	0,0609318996416	0,00595238095238	
625	0,0609318996416	0,00595238095238	
626	0,0609318996416	0,00595238095238	
627	0,0609318996416	0,00595238095238	
628	0,0609318996416	0,00595238095238	
629	0,0609318996416	0,00595238095238	
630	0,0609318996416	0,00595238095238	
631	0,0609318996416	0,00595238095238	
632	0,0609318996416	0,00595238095238	
633	0,0609318996416	0,00595238095238	
634	0,0609318996416	0,00595238095238	
635	0,0609318996416	0,00595238095238	
636	0,0609318996416	0,00595238095238	
637	0,0609318996416	0,00595238095238	
638	0,0609318996416	0,00595238095238	
639	0,0609318996416	0,00595238095238	
640	0,0609318996416	0,00595238095238	
641	0,0609318996416	0,00595238095238	
642	0,0609318996416	0,00595238095238	
643	0,0609318996416	0,00595238095238	
644	0,0609318996416	0,00595238095238	
645	0,0609318996416	0,00595238095238	
646	0,0609318996416	0,00595238095238	
647	0,0609318996416	0,00595238095238	
648	0,0609318996416	0,00595238095238	
649	0,0609318996416	0,00595238095238	
650	0,0609318996416	0,00595238095238	
651	0,0609318996416	0,00595238095238	
652	0,0609318996416	0,00595238095238	
653	0,0609318996416	0,00595238095238	
654	0,0609318996416	0,00595238095238	
655	0,0609318996416	0,00595238095238	
656	0,0609318996416	0,00595238095238	
657	0,0609318996416	0,00595238095238	
658	0,0609318996416	0,00595238095238	
659	0,0609318996416	0,00595238095238	
660	0,0609318996416	0,00595238095238	
661	0,0609318996416	0,00595238095238	
662	0,0609318996416	0,00595238095238	
663	0,0609318996416	0,00595238095238	
664	0,0609318996416	0,00595238095238	
665	0,0609318996416	0,00595238095238	
666	0,0609318996416	0,00595238095238	
667	0,0609318996416	0,00595238095238	
668	0,0609318996416	0,00595238095238	
669	0,0609318996416	0,00595238095238	
670	0,0609318996416	0,00595238095238	
671	0,0609318996416	0,00595238095238	
672	0,0609318996416	0,00595238095238	
673	0,0609318996416	0,00595238095238	
674	0,0609318996416	0,00595238095238	
675	0,0609318996416	0,00595238095238	
676	0,0609318996416	0,00595238095238	
677	0,0609318996416	0,00595238095238	
678	0,0609318996416	0,00595238095238	
679	0,0609318996416	0,00595238095238	
680	0,0609318996416	0,00595238095238	
681	0,0609318996416	0,00595238095238	
682	0,0609318996416	0,00595238095238	
683	0,0609318996416	0,00595238095238	
684	0,0609318996416	0,00595238095238	
685	0,0609318996416	0,00595238095238	
686	0,0609318996416	0,00595238095238	
687	0,0609318996416	0,00595238095238	
688	0,0609318996416	0,00595238095238	
689	0,0609318996416	0,00595238095238	
690	0,0609318996416	0,00595238095238	
691	0,0609318996416	0,00595238095238	
692	0,0609318996416	0,00595238095238	
693	0,0609318996416	0,00595238095238	
694	0,0609318996416	0,00595238095238	
695	0,0609318996416	0,00595238095238	
696	0,0609318996416	0,00595238095238	
697	0,0609318996416	0,00595238095238	
698	0,0609318996416	0,00595238095238	
699	0,0609318996416	0,00595238095238	
700	0,0609318996416	0,00595238095238	
701	0,0609318996416	0,00595238095238	
702	0,0609318996416	0,00595238095238	
703	0,0609318996416	0,00595238095238	
704	0,0609318996416	0,00595238095238	
705	0,0609318996416	0,00595238095238	
706	0,0609318996416	0,00595238095238	
707	0,0609318996416	0,00595238095238	
708	0,0609318996416	0,00595238095238	
709	0,0609318996416	0,00595238095238	
710	0,0609318996416	0,00595238095238	
711	0,0609318996416	0,00595238095238	
712	0,0609318996416	0,00595238095238	
713	0,0609318996416	0,00595238095238	
714	0,0609318996416	0,00595238095238	
715	0,0609318996416	0,00595238095238	
716	0,0609318996416	0,00595238095238	
717	0,0609318996416	0,00595238095238	
718	0,0609318996416	0,00595238095238	
719	0,0609318996416	0,00595238095238	
720	0,0609318996416	0,00595238095238	
721	0,0609318996416	0,00595238095238	
722	0,0609318996416	0,00595238095238	
723	0,0609318996416	0,00595238095238	
724	0,0609318996416	0,00595238095238	
725	0,0609318996416	0,00595238095238	
726	0,0609318996416	0,00595238095238	
727	0,0609318996416	0,00595238095238	
728	0,0609318996416	0,00595238095238	
729	0,0609318996416	0,00595238095238	
730	0,0609318996416	0,00595238095238	
731	0,0609318996416	0,00595238095238	
732	0,0609318996416	0,00595238095238	
733	0,0609318996416	0,00595238095238	
734	0,0609318996416	0,00595238095238	
735	0,0609318996416	0,00595238095238	
736	0,0609318996416	0,00595238095238	
737	0,0609318996416	0,00595238095238	
738	0,0609318996416	0,00595238095238	
739	0,0609318996416	0,00595238095238	
740	0,0609318996416	0,00595238095238	
741	0,0609318996416	0,00595238095238	
742	0,0609318996416	0,00595238095238	
743	0,0609318996416	0,00595238095238	
744	0,0609318996416	0,00595238095238	
745	0,0609318996416	0,00595238095238	
746	0,0609318996416	0,00595238095238	
747	0,0609318996416	0,00595238095238	
748	0,0609318996416	0,00595238095238	
749	0,0609318996416	0,00595238095238	
750	0,0609318996416	0,00595238095238	
751	0,0609318996416	0,00595238095238	
752	0,0609318996416	0,00595238095238	
753	0,0609318996416	0,00595238095238	
754	0,0609318996416	0,00595238095238	
755	0,0609318996416	0,00595238095238	
756	0,0609318996416	0,00595238095238	
757	0,0609318996416	0,00595238095238	
758	0,0609318996416	0,00595238095238	
759	0,0609318996416	0,00595238095238	
760	0,0609318996416	0,00595238095238	
761	0,0609318996416	0,00595238095238	
762	0,0609318996416	0,00595238095238	
763	0,0609318996416	0,00595238095238	
764	0,0609318996416	0,00595238095238	
765	0,0609318996416	0,00595238095238	
766	0,0609318996416	0,00595238095238	
767	0,0609318996416	0,00595238095238	
768	0,0609318996416	0,00595238095238	
769	0,0609318996416	0,00595238095238	
770	0,0609318996416	0,00595238095238	
771	0,0609318996416	0,00595238095238	
772	0,0609318996416	0,00595238095238	
773	0,0609318996416	0,00595238095238	
774	0,0609318996416	0,00595238095238	
775	0,0609318996416	0,00595238095238	
776	0,0609318996416	0,00595238095238	
777	0,0609318996416	0,00595238095238	
778	0,0609318996416	0,00595238095238	
779	0,0609318996416	0,00595238095238	
780	0,0609318996416	0,00595238095238	
781	0,0609318996416	0,00595238095238	
782	0,0609318996416	0,00595238095238	
783	0,0609318996416	0,00595238095238	
784	0,0609318996416	0,00595238095238	
785	0,0609318996416	0,00595238095238	
786	0,0609318996416	0,00595238095238	
787	0,0609318996416	0,00595238095238	
788	0,0609318996416	0,00595238095238	
789	0,0609318996416	0,00595238095238	
790	0,0609318996416	0,00595238095238	
791	0,0609318996416	0,00595238095238	
792	0,0609318996416	0,00595238095238	
793	0,0609318996416	0,00595238095238	
794	0,0609318996416	0,00595238095238	
795	0,0609318996416	0,00595238095238	
796	0,0609318996416	0,00595238095238	
797	0,0609318996416	0,00595238095238	
798	0,0609318996416	0,00595238095238	
799	0,0609318996416	0,00595238095238	
800	0,0609318996416	0,00595238095238	
801	0,0609318996416	0,00595238095238	
802	0,0609318996416	0,00595238095238	
803	0,0609318996416	0,00595238095238	
804	0,0609318996416	0,00595238095238	
805	0,0609318996416	0,00595238095238	
806	0,0609318996416	0,00595238095238	
807	0,0609318996416	0,00595238095238	
808	0,0609318996416	0,00595238095238	
809	0,0609318996416	0,00595238095238	
810	0,0609318996416	0,00595238095238	
811	0,0609318996416	0,00595238095238	
812	0,0609318996416	0,00595238095238	
813	0,0609318996416	0,00595238095238	
814	0,0609318996416	0,00595238095238	
815	0,0609318996416	0,00595238095238	
816	0,0609318996416	0,00595238095238	
817	0,0609318996416	0,00595238095238	
818	0,0573476702509	0,00595238095238	
819	0,0573476702509	0,00595238095238	
820	0,0573476702509	0,00595238095238	
821	0,0573476702509	0,00595238095238	
822	0,0573476702509	0,00595238095238	
823	0,0573476702509	0,00595238095238	
824	0,0573476702509	0,00595238095238	
825	0,0573476702509	0,00595238095238	
826	0,0573476702509	0,00595238095238	
827	0,0573476702509	0,00595238095238	
828	0,0573476702509	0,00595238095238	
829	0,0573476702509	0,00595238095238	
830	0,0573476702509	0,00595238095238	
831	0,0573476702509	0,00595238095238	
832	0,0573476702509	0,00595238095238	
833	0,0573476702509	0,00595238095238	
834	0,0573476702509	0,00595238095238	
835	0,0573476702509	0,00595238095238	
836	0,0573476702509	0,00595238095238	
837	0,0573476702509	0,00595238095238	
838	0,0573476702509	0,00595238095238	
839	0,0573476702509	0,00595238095238	
840	0,0573476702509	0,00595238095238	
841	0,0573476702509	0,00595238095238	
842	0,0573476702509	0,00595238095238	
843	0,0573476702509	0,00595238095238	
844	0,0573476702509	0,00595238095238	
845	0,0573476702509	0,00595238095238	
846	0,0573476702509	0,00595238095238	
847	0,0573476702509	0,00595238095238	
848	0,0573476702509	0,00595238095238	
849	0,0573476702509	0,00595238095238	
850	0,0573476702509	0,00595238095238	
851	0,0573476702509	0,00595238095238	
852	0,0573476702509	0,00595238095238	
853	0,0573476702509	0,00595238095238	
854	0,0573476702509	0,00595238095238	
855	0,0573476702509	0,00595238095238	
856	0,0573476702509	0,00595238095238	
857	0,0573476702509	0,00595238095238	
858	0,0573476702509	0,00595238095238	
859	0,0573476702509	0,00595238095238	
860	0,0573476702509	0,00595238095238	
861	0,0573476702509	0,00595238095238	
862	0,0573476702509	0,00595238095238	
863	0,0573476702509	0,00595238095238	
864	0,0573476702509	0,00595238095238	
865	0,0573476702509	0,00595238095238	
866	0,0573476702509	0,00595238095238	
867	0,0573476702509	0,00595238095238	
868	0,0573476702509	0,00595238095238	
869	0,0573476702509	0,00595238095238	
870	0,0573476702509	0,00595238095238	
871	0,0573476702509	0,00595238095238	
872	0,0573476702509	0,00595238095238	
873	0,0573476702509	0,00595238095238	
874	0,0573476702509	0,00595238095238	
875	0,0573476702509	0,00595238095238	
876	0,0573476702509	0,00595238095238	
877	0,0573476702509	0,00595238095238	
878	0,0573476702509	0,00595238095238	
879	0,0573476702509	0,00595238095238	
880	0,0573476702509	0,00595238095238	
881	0,0573476702509	0,00595238095238	
882	0,0573476702509	0,00595238095238	
883	0,0573476702509	0,00595238095238	
884	0,0573476702509	0,00595238095238	
885	0,0573476702509	0,00595238095238	
886	0,0573476702509	0,00595238095238	
887	0,0573476702509	0,00595238095238	
888	0,0573476702509	0,00595238095238	
889	0,0573476702509	0,00595238095238	
890	0,0573476702509	0,00595238095238	
891	0,0573476702509	0,00595238095238	
892	0,0573476702509	0,00595238095238	
893	0,0573476702509	0,00595238095238	
894	0,0573476702509	0,00595238095238	
895	0,0573476702509	0,00595238095238	
896	0,0573476702509	0,00595238095238	
897	0,0573476702509	0,00595238095238	
898	0,0573476702509	0,00595238095238	
899	0,0573476702509	0,00595238095238	
900	0,0573476702509	0,00595238095238	
901	0,0573476702509	0,00595238095238	
902	0,0573476702509	0,00595238095238	
903	0,0573476702509	0,00595238095238	
904	0,0573476702509	0,00595238095238	
905	0,0573476702509	0,00595238095238	
906	0,0573476702509	0,00595238095238	
907	0,0573476702509	0,00595238095238	
908	0,0573476702509	0,00595238095238	
909	0,0573476702509	0,00595238095238	
910	0,0573476702509	0,00595238095238	
911	0,0573476702509	0,00595238095238	
912	0,0573476702509	0,00595238095238	
913	0,0573476702509	0,00595238095238	
914	0,0573476702509	0,00595238095238	
915	0,0573476702509	0,00595238095238	
916	0,0573476702509	0,00595238095238	
917	0,0573476702509	0,00595238095238	
918	0,0573476702509	0,00595238095238	
919	0,0573476702509	0,00595238095238	
920	0,0573476702509	0,00595238095238	
921	0,0573476702509	0,00595238095238	
922	0,0573476702509	0,00595238095238	
923	0,0573476702509	0,00595238095238	
924	0,0573476702509	0,00595238095238	
925	0,0573476702509	0,00595238095238	
926	0,0573476702509	0,00595238095238	
927	0,0573476702509	0,00595238095238	
928	0,0573476702509	0,00595238095238	
929	0,0573476702509	0,00595238095238	
930	0,0573476702509	0,00595238095238	
931	0,0573476702509	0,00595238095238	
932	0,0573476702509	0,00595238095238	
933	0,0573476702509	0,00595238095238	
934	0,0573476702509	0,00595238095238	
935	0,0573476702509	0,00595238095238	
936	0,0573476702509	0,00595238095238	
937	0,0573476702509	0,00595238095238	
938	0,0573476702509	0,00595238095238	
939	0,0573476702509	0,00595238095238	
940	0,0573476702509	0,00595238095238	
941	0,0573476702509	0,00595238095238	
942	0,0573476702509	0,00595238095238	
943	0,0573476702509	0,00595238095238	
944	0,0573476702509	0,00595238095238	
945	0,0573476702509	0,00595238095238	
946	0,0573476702509	0,00595238095238	
947	0,0573476702509	0,00595238095238	
948	0,0573476702509	0,00595238095238	
949	0,0573476702509	0,00595238095238	
950	0,0573476702509	0,00595238095238	
951	0,0573476702509	0,00595238095238	
952	0,0573476702509	0,00595238095238	
953	0,0573476702509	0,00595238095238	
954	0,0573476702509	0,00595238095238	
955	0,0573476702509	0,00595238095238	
956	0,0573476702509	0,00595238095238	
957	0,0573476702509	0,00595238095238	
958	0,0573476702509	0,00595238095238	
959	0,0573476702509	0,00595238095238	
960	0,0573476702509	0,00595238095238	
961	0,0573476702509	0,00595238095238	
962	0,0573476702509	0,00595238095238	
963	0,0573476702509	0,00595238095238	
964	0,0573476702509	0,00595238095238	
965	0,0573476702509	0,00595238095238	
966	0,0573476702509	0,00595238095238	
967	0,0573476702509	0,00595238095238	
968	0,0573476702509	0,00595238095238	
969	0,0573476702509	0,00595238095238	
970	0,0573476702509	0,00595238095238	
971	0,0573476702509	0,00595238095238	
972	0,0573476702509	0,00595238095238	
973	0,0573476702509	0,00595238095238	
974	0,0573476702509	0,00595238095238	
975	0,0573476702509	0,00595238095238	
976	0,0573476702509	0,00595238095238	
977	0,0573476702509	0,00595238095238	
978	0,0573476702509	0,00595238095238	
979	0,0573476702509	0,00595238095238	
980	0,0573476702509	0,00595238095238	
981	0,0573476702509	0,00595238095238	
982	0,0573476702509	0,00595238095238	
983	0,0573476702509	0,00595238095238	
984	0,0573476702509	0,00595238095238	
985	0,0573476702509	0,00595238095238	
986	0,0573476702509	0,00595238095238	
987	0,0573476702509	0,00595238095238	
988	0,0573476702509	0,00595238095238	
989	0,0573476702509	0,00595238095238	
990	0,0573476702509	0,00595238095238	
991	0,0573476702509	0,00595238095238	
992	0,0573476702509	0,00595238095238	
993	0,0573476702509	0,00595238095238	
994	0,0573476702509	0,00595238095238	
995	0,0573476702509	0,00595238095238	
996	0,0573476702509	0,00595238095238	
997	0,0573476702509	0,00595238095238	
998	0,0573476702509	0,00595238095238	
999	0,0573476702509	0,00595238095238	
