Época	Error de test	Error train	Array de pesos
0	0,116666666667	0,1	
1	0,0833333333333	0,0888888888889	
2	0,0666666666667	0,0666666666667	
3	0,0666666666667	0,0444444444444	
4	0,05	0,0333333333333	
5	0,0333333333333	0,0333333333333	
6	0,0333333333333	0,0222222222222	
7	0,0333333333333	0,0222222222222	
8	0,0333333333333	0,0222222222222	
9	0,05	0,0222222222222	
10	0,0666666666667	0,0222222222222	
11	0,0833333333333	0,0222222222222	
12	0,0833333333333	0,0222222222222	
13	0,0833333333333	0,0222222222222	
14	0,0833333333333	0,0222222222222	
15	0,0833333333333	0,0222222222222	
16	0,0833333333333	0,0222222222222	
17	0,0833333333333	0,0222222222222	
18	0,0833333333333	0,0222222222222	
19	0,0833333333333	0,0222222222222	
20	0,0833333333333	0,0222222222222	
21	0,0833333333333	0,0111111111111	
22	0,0833333333333	0,0111111111111	
23	0,0833333333333	0,0111111111111	
24	0,0833333333333	0,0111111111111	
25	0,0833333333333	0,0111111111111	
26	0,0833333333333	0,0111111111111	
27	0,0833333333333	0,0111111111111	
28	0,0833333333333	0,0111111111111	
29	0,0833333333333	0,0111111111111	
30	0,0833333333333	0,0111111111111	
31	0,0833333333333	0,0111111111111	
32	0,0833333333333	0,0111111111111	
33	0,0833333333333	0,0111111111111	
34	0,0833333333333	0,0111111111111	
35	0,0833333333333	0,0111111111111	
36	0,0833333333333	0,0111111111111	
37	0,0833333333333	0,0111111111111	
38	0,0833333333333	0,0111111111111	
39	0,0833333333333	0,0111111111111	
40	0,0833333333333	0,0111111111111	
41	0,0833333333333	0,0111111111111	
42	0,0833333333333	0,0111111111111	
43	0,0833333333333	0,0111111111111	
44	0,0833333333333	0,0111111111111	
45	0,0833333333333	0,0111111111111	
46	0,0833333333333	0,0111111111111	
47	0,0666666666667	0,0111111111111	
48	0,0666666666667	0,0111111111111	
49	0,0666666666667	0,0111111111111	
50	0,0666666666667	0,0111111111111	
51	0,0666666666667	0,0111111111111	
52	0,05	0,0111111111111	
53	0,05	0,0111111111111	
54	0,05	0,0111111111111	
55	0,05	0,0111111111111	
56	0,05	0,0111111111111	
57	0,05	0,0111111111111	
58	0,05	0,0111111111111	
59	0,05	0,0111111111111	
60	0,05	0,0111111111111	
61	0,05	0,0111111111111	
62	0,05	0,0111111111111	
63	0,05	0,0111111111111	
64	0,05	0,0111111111111	
65	0,05	0,0111111111111	
66	0,05	0,0111111111111	
67	0,05	0,0111111111111	
68	0,05	0,0111111111111	
69	0,05	0,0111111111111	
70	0,05	0,0111111111111	
71	0,05	0,0111111111111	
72	0,05	0,0111111111111	
73	0,05	0,0111111111111	
74	0,05	0,0111111111111	
75	0,05	0,0111111111111	
76	0,05	0,0111111111111	
77	0,05	0,0111111111111	
78	0,05	0,0111111111111	
79	0,05	0,0111111111111	
80	0,05	0,0111111111111	
81	0,05	0,0111111111111	
82	0,05	0,0111111111111	
83	0,05	0,0111111111111	
84	0,05	0,0111111111111	
85	0,05	0,0111111111111	
86	0,05	0,0111111111111	
87	0,05	0,0111111111111	
88	0,05	0,0111111111111	
89	0,05	0,0111111111111	
90	0,05	0,0111111111111	
91	0,05	0,0111111111111	
92	0,05	0,0111111111111	
93	0,05	0,0111111111111	
94	0,05	0,0111111111111	
95	0,05	0,0111111111111	
96	0,05	0,0111111111111	
97	0,05	0,0111111111111	
98	0,05	0,0111111111111	
99	0,05	0,0111111111111	
100	0,05	0,0111111111111	
101	0,05	0,0111111111111	
102	0,0666666666667	0,0111111111111	
103	0,0666666666667	0,0111111111111	
104	0,0666666666667	0,0111111111111	
105	0,0666666666667	0,0111111111111	
106	0,0666666666667	0,0111111111111	
107	0,0666666666667	0,0111111111111	
108	0,0833333333333	0,0111111111111	
109	0,0833333333333	0,0111111111111	
110	0,0833333333333	0,0111111111111	
111	0,0833333333333	0,0111111111111	
112	0,0833333333333	0,0111111111111	
113	0,0833333333333	0,0222222222222	
114	0,0833333333333	0,0222222222222	
115	0,0833333333333	0,0222222222222	
116	0,0833333333333	0,0222222222222	
117	0,0833333333333	0,0222222222222	
118	0,0833333333333	0,0222222222222	
119	0,0833333333333	0,0222222222222	
120	0,0833333333333	0,0222222222222	
121	0,0833333333333	0,0222222222222	
122	0,0833333333333	0,0222222222222	
123	0,0833333333333	0,0222222222222	
124	0,0833333333333	0,0222222222222	
125	0,0833333333333	0,0222222222222	
126	0,0833333333333	0,0222222222222	
127	0,0833333333333	0,0222222222222	
128	0,0833333333333	0,0222222222222	
129	0,0833333333333	0,0222222222222	
130	0,0833333333333	0,0222222222222	
131	0,0833333333333	0,0222222222222	
132	0,0833333333333	0,0222222222222	
133	0,0833333333333	0,0222222222222	
134	0,0833333333333	0,0222222222222	
135	0,0833333333333	0,0222222222222	
136	0,0833333333333	0,0222222222222	
137	0,0833333333333	0,0222222222222	
138	0,0833333333333	0,0222222222222	
139	0,0833333333333	0,0222222222222	
140	0,0833333333333	0,0222222222222	
141	0,0833333333333	0,0222222222222	
142	0,0833333333333	0,0222222222222	
143	0,0833333333333	0,0222222222222	
144	0,0833333333333	0,0222222222222	
145	0,0833333333333	0,0222222222222	
146	0,0833333333333	0,0222222222222	
147	0,0833333333333	0,0222222222222	
148	0,0833333333333	0,0222222222222	
149	0,0833333333333	0,0222222222222	
150	0,1	0,0222222222222	
151	0,1	0,0222222222222	
152	0,1	0,0222222222222	
153	0,1	0,0222222222222	
154	0,1	0,0222222222222	
155	0,1	0,0222222222222	
156	0,1	0,0222222222222	
157	0,1	0,0222222222222	
158	0,1	0,0222222222222	
159	0,1	0,0222222222222	
160	0,1	0,0222222222222	
161	0,1	0,0222222222222	
162	0,1	0,0222222222222	
163	0,1	0,0222222222222	
164	0,1	0,0222222222222	
165	0,1	0,0222222222222	
166	0,1	0,0222222222222	
167	0,1	0,0222222222222	
168	0,1	0,0222222222222	
169	0,1	0,0222222222222	
170	0,1	0,0222222222222	
171	0,1	0,0222222222222	
172	0,1	0,0222222222222	
173	0,1	0,0222222222222	
174	0,1	0,0222222222222	
175	0,1	0,0222222222222	
176	0,1	0,0222222222222	
177	0,1	0,0222222222222	
178	0,1	0,0222222222222	
179	0,1	0,0222222222222	
180	0,1	0,0222222222222	
181	0,1	0,0222222222222	
182	0,1	0,0222222222222	
183	0,1	0,0222222222222	
184	0,1	0,0222222222222	
185	0,1	0,0222222222222	
186	0,1	0,0222222222222	
187	0,1	0,0222222222222	
188	0,1	0,0222222222222	
189	0,1	0,0222222222222	
190	0,1	0,0222222222222	
191	0,1	0,0222222222222	
192	0,1	0,0222222222222	
193	0,1	0,0222222222222	
194	0,1	0,0222222222222	
195	0,1	0,0333333333333	
196	0,1	0,0333333333333	
197	0,1	0,0444444444444	
198	0,1	0,0444444444444	
199	0,1	0,0444444444444	
200	0,1	0,0444444444444	
201	0,1	0,0444444444444	
202	0,1	0,0444444444444	
203	0,1	0,0444444444444	
204	0,1	0,0444444444444	
205	0,1	0,0444444444444	
206	0,1	0,0444444444444	
207	0,1	0,0444444444444	
208	0,1	0,0444444444444	
209	0,1	0,0444444444444	
210	0,1	0,0444444444444	
211	0,1	0,0444444444444	
212	0,1	0,0444444444444	
213	0,1	0,0444444444444	
214	0,1	0,0444444444444	
215	0,1	0,0444444444444	
216	0,1	0,0444444444444	
217	0,1	0,0444444444444	
218	0,1	0,0444444444444	
219	0,1	0,0444444444444	
220	0,1	0,0444444444444	
221	0,1	0,0444444444444	
222	0,1	0,0444444444444	
223	0,1	0,0444444444444	
224	0,1	0,0444444444444	
225	0,1	0,0444444444444	
226	0,1	0,0444444444444	
227	0,1	0,0444444444444	
228	0,1	0,0444444444444	
229	0,1	0,0444444444444	
230	0,1	0,0444444444444	
231	0,1	0,0444444444444	
232	0,1	0,0444444444444	
233	0,1	0,0444444444444	
234	0,1	0,0444444444444	
235	0,1	0,0444444444444	
236	0,1	0,0444444444444	
237	0,1	0,0444444444444	
238	0,1	0,0444444444444	
239	0,1	0,0444444444444	
240	0,1	0,0444444444444	
241	0,1	0,0444444444444	
242	0,1	0,0444444444444	
243	0,1	0,0444444444444	
244	0,1	0,0444444444444	
245	0,1	0,0444444444444	
246	0,1	0,0444444444444	
247	0,1	0,0444444444444	
248	0,1	0,0444444444444	
249	0,1	0,0444444444444	
250	0,1	0,0444444444444	
251	0,1	0,0444444444444	
252	0,1	0,0444444444444	
253	0,1	0,0444444444444	
254	0,1	0,0444444444444	
255	0,1	0,0444444444444	
256	0,1	0,0444444444444	
257	0,1	0,0444444444444	
258	0,1	0,0444444444444	
259	0,1	0,0444444444444	
260	0,1	0,0444444444444	
261	0,1	0,0444444444444	
262	0,1	0,0444444444444	
263	0,1	0,0444444444444	
264	0,1	0,0444444444444	
265	0,1	0,0444444444444	
266	0,1	0,0444444444444	
267	0,1	0,0444444444444	
268	0,1	0,0444444444444	
269	0,1	0,0444444444444	
270	0,1	0,0444444444444	
271	0,1	0,0444444444444	
272	0,1	0,0444444444444	
273	0,1	0,0444444444444	
274	0,1	0,0444444444444	
275	0,1	0,0444444444444	
276	0,1	0,0444444444444	
277	0,1	0,0444444444444	
278	0,1	0,0444444444444	
279	0,1	0,0444444444444	
280	0,1	0,0444444444444	
281	0,1	0,0444444444444	
282	0,1	0,0444444444444	
283	0,1	0,0444444444444	
284	0,1	0,0444444444444	
285	0,1	0,0444444444444	
286	0,1	0,0444444444444	
287	0,1	0,0444444444444	
288	0,1	0,0444444444444	
289	0,1	0,0444444444444	
290	0,1	0,0444444444444	
291	0,1	0,0444444444444	
292	0,1	0,0444444444444	
293	0,1	0,0444444444444	
294	0,1	0,0444444444444	
295	0,1	0,0444444444444	
296	0,1	0,0444444444444	
297	0,1	0,0444444444444	
298	0,1	0,0444444444444	
299	0,1	0,0444444444444	
300	0,1	0,0444444444444	
301	0,1	0,0444444444444	
302	0,1	0,0444444444444	
303	0,1	0,0444444444444	
304	0,1	0,0444444444444	
305	0,1	0,0444444444444	
306	0,1	0,0444444444444	
307	0,1	0,0444444444444	
308	0,1	0,0444444444444	
309	0,1	0,0444444444444	
310	0,1	0,0444444444444	
311	0,1	0,0444444444444	
312	0,1	0,0444444444444	
313	0,1	0,0444444444444	
314	0,1	0,0444444444444	
315	0,1	0,0444444444444	
316	0,1	0,0444444444444	
317	0,1	0,0444444444444	
318	0,1	0,0444444444444	
319	0,1	0,0444444444444	
320	0,1	0,0444444444444	
321	0,1	0,0444444444444	
322	0,1	0,0444444444444	
323	0,1	0,0444444444444	
324	0,1	0,0444444444444	
325	0,1	0,0444444444444	
326	0,1	0,0444444444444	
327	0,1	0,0444444444444	
328	0,1	0,0444444444444	
329	0,1	0,0444444444444	
330	0,1	0,0444444444444	
331	0,1	0,0444444444444	
332	0,1	0,0444444444444	
333	0,1	0,0444444444444	
334	0,1	0,0444444444444	
335	0,1	0,0444444444444	
336	0,1	0,0444444444444	
337	0,1	0,0444444444444	
338	0,1	0,0444444444444	
339	0,1	0,0444444444444	
340	0,1	0,0444444444444	
341	0,1	0,0444444444444	
342	0,1	0,0444444444444	
343	0,1	0,0444444444444	
344	0,1	0,0444444444444	
345	0,1	0,0444444444444	
346	0,1	0,0444444444444	
347	0,1	0,0444444444444	
348	0,1	0,0444444444444	
349	0,1	0,0444444444444	
350	0,1	0,0444444444444	
351	0,1	0,0444444444444	
352	0,1	0,0444444444444	
353	0,1	0,0444444444444	
354	0,1	0,0444444444444	
355	0,1	0,0444444444444	
356	0,1	0,0444444444444	
357	0,1	0,0444444444444	
358	0,1	0,0444444444444	
359	0,1	0,0444444444444	
360	0,1	0,0444444444444	
361	0,1	0,0444444444444	
362	0,1	0,0444444444444	
363	0,1	0,0444444444444	
364	0,1	0,0444444444444	
365	0,1	0,0444444444444	
366	0,1	0,0444444444444	
367	0,1	0,0444444444444	
368	0,1	0,0444444444444	
369	0,1	0,0444444444444	
370	0,1	0,0444444444444	
371	0,1	0,0444444444444	
372	0,1	0,0444444444444	
373	0,1	0,0444444444444	
374	0,1	0,0444444444444	
375	0,1	0,0444444444444	
376	0,1	0,0444444444444	
377	0,1	0,0444444444444	
378	0,1	0,0444444444444	
379	0,1	0,0444444444444	
380	0,1	0,0444444444444	
381	0,1	0,0444444444444	
382	0,1	0,0444444444444	
383	0,1	0,0444444444444	
384	0,1	0,0444444444444	
385	0,1	0,0444444444444	
386	0,1	0,0444444444444	
387	0,1	0,0444444444444	
388	0,1	0,0444444444444	
389	0,1	0,0444444444444	
390	0,1	0,0444444444444	
391	0,1	0,0444444444444	
392	0,1	0,0444444444444	
393	0,1	0,0444444444444	
394	0,1	0,0444444444444	
395	0,1	0,0444444444444	
396	0,1	0,0444444444444	
397	0,1	0,0555555555556	
398	0,1	0,0555555555556	
399	0,1	0,0555555555556	
400	0,1	0,0555555555556	
401	0,1	0,0555555555556	
402	0,1	0,0555555555556	
403	0,1	0,0555555555556	
404	0,1	0,0555555555556	
405	0,1	0,0555555555556	
406	0,1	0,0555555555556	
407	0,1	0,0555555555556	
408	0,1	0,0555555555556	
409	0,1	0,0555555555556	
410	0,1	0,0555555555556	
411	0,1	0,0555555555556	
412	0,1	0,0555555555556	
413	0,1	0,0555555555556	
414	0,1	0,0555555555556	
415	0,1	0,0555555555556	
416	0,1	0,0555555555556	
417	0,1	0,0555555555556	
418	0,1	0,0555555555556	
419	0,1	0,0555555555556	
420	0,1	0,0555555555556	
421	0,1	0,0555555555556	
422	0,1	0,0555555555556	
423	0,1	0,0555555555556	
424	0,1	0,0555555555556	
425	0,1	0,0555555555556	
426	0,1	0,0555555555556	
427	0,1	0,0555555555556	
428	0,1	0,0555555555556	
429	0,1	0,0555555555556	
430	0,1	0,0555555555556	
431	0,1	0,0555555555556	
432	0,1	0,0555555555556	
433	0,1	0,0555555555556	
434	0,1	0,0555555555556	
435	0,1	0,0555555555556	
436	0,1	0,0555555555556	
437	0,1	0,0555555555556	
438	0,1	0,0555555555556	
439	0,1	0,0555555555556	
440	0,1	0,0555555555556	
441	0,1	0,0555555555556	
442	0,1	0,0555555555556	
443	0,1	0,0555555555556	
444	0,1	0,0555555555556	
445	0,1	0,0555555555556	
446	0,1	0,0555555555556	
447	0,1	0,0555555555556	
448	0,1	0,0555555555556	
449	0,1	0,0555555555556	
450	0,1	0,0555555555556	
451	0,1	0,0555555555556	
452	0,1	0,0555555555556	
453	0,1	0,0555555555556	
454	0,1	0,0555555555556	
455	0,1	0,0555555555556	
456	0,1	0,0555555555556	
457	0,1	0,0555555555556	
458	0,1	0,0555555555556	
459	0,1	0,0555555555556	
460	0,1	0,0555555555556	
461	0,1	0,0555555555556	
462	0,1	0,0555555555556	
463	0,1	0,0555555555556	
464	0,1	0,0555555555556	
465	0,1	0,0555555555556	
466	0,1	0,0555555555556	
467	0,1	0,0555555555556	
468	0,1	0,0555555555556	
469	0,1	0,0555555555556	
470	0,1	0,0555555555556	
471	0,1	0,0555555555556	
472	0,1	0,0555555555556	
473	0,1	0,0555555555556	
474	0,0833333333333	0,0555555555556	
475	0,0833333333333	0,0555555555556	
476	0,0833333333333	0,0555555555556	
477	0,0833333333333	0,0555555555556	
478	0,0833333333333	0,0555555555556	
479	0,0833333333333	0,0555555555556	
480	0,0833333333333	0,0555555555556	
481	0,0833333333333	0,0555555555556	
482	0,0833333333333	0,0555555555556	
483	0,0833333333333	0,0555555555556	
484	0,0833333333333	0,0555555555556	
485	0,0833333333333	0,0555555555556	
486	0,0833333333333	0,0555555555556	
487	0,0833333333333	0,0555555555556	
488	0,0833333333333	0,0555555555556	
489	0,0833333333333	0,0555555555556	
490	0,0833333333333	0,0555555555556	
491	0,0833333333333	0,0555555555556	
492	0,0833333333333	0,0555555555556	
493	0,0833333333333	0,0555555555556	
494	0,0833333333333	0,0555555555556	
495	0,0833333333333	0,0555555555556	
496	0,0833333333333	0,0555555555556	
497	0,0833333333333	0,0555555555556	
498	0,0833333333333	0,0555555555556	
499	0,0833333333333	0,0555555555556	
500	0,0833333333333	0,0555555555556	
501	0,0833333333333	0,0555555555556	
502	0,0833333333333	0,0555555555556	
503	0,0833333333333	0,0666666666667	
504	0,0833333333333	0,0666666666667	
505	0,0833333333333	0,0666666666667	
506	0,0833333333333	0,0666666666667	
507	0,0833333333333	0,0666666666667	
508	0,0833333333333	0,0666666666667	
509	0,0833333333333	0,0666666666667	
510	0,0833333333333	0,0666666666667	
511	0,0833333333333	0,0666666666667	
512	0,0833333333333	0,0666666666667	
513	0,0833333333333	0,0666666666667	
514	0,0833333333333	0,0666666666667	
515	0,0833333333333	0,0666666666667	
516	0,0833333333333	0,0666666666667	
517	0,0833333333333	0,0666666666667	
518	0,0833333333333	0,0666666666667	
519	0,0833333333333	0,0666666666667	
520	0,0833333333333	0,0666666666667	
521	0,0833333333333	0,0666666666667	
522	0,0833333333333	0,0666666666667	
523	0,0833333333333	0,0666666666667	
524	0,0833333333333	0,0666666666667	
525	0,0833333333333	0,0666666666667	
526	0,0833333333333	0,0666666666667	
527	0,0833333333333	0,0666666666667	
528	0,0833333333333	0,0666666666667	
529	0,0833333333333	0,0666666666667	
530	0,0833333333333	0,0666666666667	
531	0,0833333333333	0,0666666666667	
532	0,0833333333333	0,0666666666667	
533	0,0833333333333	0,0666666666667	
534	0,0833333333333	0,0666666666667	
535	0,0833333333333	0,0666666666667	
536	0,0833333333333	0,0666666666667	
537	0,0833333333333	0,0666666666667	
538	0,0833333333333	0,0666666666667	
539	0,0833333333333	0,0666666666667	
540	0,0833333333333	0,0666666666667	
541	0,0833333333333	0,0666666666667	
542	0,0833333333333	0,0666666666667	
543	0,0833333333333	0,0666666666667	
544	0,0833333333333	0,0666666666667	
545	0,0833333333333	0,0666666666667	
546	0,0833333333333	0,0666666666667	
547	0,0833333333333	0,0666666666667	
548	0,0833333333333	0,0666666666667	
549	0,0833333333333	0,0666666666667	
550	0,0833333333333	0,0666666666667	
551	0,0833333333333	0,0666666666667	
552	0,0833333333333	0,0666666666667	
553	0,0833333333333	0,0666666666667	
554	0,0833333333333	0,0666666666667	
555	0,0833333333333	0,0666666666667	
556	0,0833333333333	0,0666666666667	
557	0,0833333333333	0,0666666666667	
558	0,0833333333333	0,0666666666667	
559	0,0833333333333	0,0666666666667	
560	0,0833333333333	0,0666666666667	
561	0,0833333333333	0,0666666666667	
562	0,0833333333333	0,0666666666667	
563	0,0833333333333	0,0666666666667	
564	0,0833333333333	0,0666666666667	
565	0,0833333333333	0,0666666666667	
566	0,0833333333333	0,0666666666667	
567	0,0833333333333	0,0666666666667	
568	0,0833333333333	0,0666666666667	
569	0,0833333333333	0,0666666666667	
570	0,0833333333333	0,0666666666667	
571	0,0833333333333	0,0666666666667	
572	0,0833333333333	0,0666666666667	
573	0,0833333333333	0,0666666666667	
574	0,0833333333333	0,0666666666667	
575	0,0833333333333	0,0666666666667	
576	0,0833333333333	0,0666666666667	
577	0,0833333333333	0,0666666666667	
578	0,0833333333333	0,0666666666667	
579	0,0833333333333	0,0666666666667	
580	0,0833333333333	0,0666666666667	
581	0,0833333333333	0,0666666666667	
582	0,0833333333333	0,0666666666667	
583	0,0833333333333	0,0666666666667	
584	0,0833333333333	0,0666666666667	
585	0,0833333333333	0,0666666666667	
586	0,0833333333333	0,0666666666667	
587	0,0833333333333	0,0666666666667	
588	0,0833333333333	0,0666666666667	
589	0,0833333333333	0,0666666666667	
590	0,0833333333333	0,0666666666667	
591	0,0833333333333	0,0666666666667	
592	0,0833333333333	0,0666666666667	
593	0,0833333333333	0,0666666666667	
594	0,0833333333333	0,0666666666667	
595	0,0833333333333	0,0666666666667	
596	0,0833333333333	0,0666666666667	
597	0,0833333333333	0,0666666666667	
598	0,0833333333333	0,0666666666667	
599	0,0833333333333	0,0666666666667	
600	0,0833333333333	0,0666666666667	
601	0,0833333333333	0,0666666666667	
602	0,0833333333333	0,0666666666667	
603	0,0833333333333	0,0666666666667	
604	0,0833333333333	0,0666666666667	
605	0,0833333333333	0,0666666666667	
606	0,0833333333333	0,0666666666667	
607	0,0833333333333	0,0666666666667	
608	0,0833333333333	0,0666666666667	
609	0,0833333333333	0,0666666666667	
610	0,0833333333333	0,0666666666667	
611	0,0833333333333	0,0666666666667	
612	0,0833333333333	0,0666666666667	
613	0,0833333333333	0,0666666666667	
614	0,0833333333333	0,0666666666667	
615	0,0833333333333	0,0666666666667	
616	0,0833333333333	0,0666666666667	
617	0,0833333333333	0,0666666666667	
618	0,0833333333333	0,0666666666667	
619	0,0833333333333	0,0666666666667	
620	0,0833333333333	0,0666666666667	
621	0,0833333333333	0,0666666666667	
622	0,0833333333333	0,0666666666667	
623	0,0833333333333	0,0666666666667	
624	0,0833333333333	0,0666666666667	
625	0,0833333333333	0,0666666666667	
626	0,0833333333333	0,0666666666667	
627	0,0833333333333	0,0666666666667	
628	0,0833333333333	0,0666666666667	
629	0,0833333333333	0,0666666666667	
630	0,0833333333333	0,0666666666667	
631	0,0833333333333	0,0666666666667	
632	0,0833333333333	0,0666666666667	
633	0,0833333333333	0,0666666666667	
634	0,0833333333333	0,0666666666667	
635	0,0833333333333	0,0666666666667	
636	0,0833333333333	0,0666666666667	
637	0,0833333333333	0,0666666666667	
638	0,0833333333333	0,0666666666667	
639	0,0833333333333	0,0666666666667	
640	0,0833333333333	0,0666666666667	
641	0,0833333333333	0,0666666666667	
642	0,0833333333333	0,0666666666667	
643	0,0833333333333	0,0666666666667	
644	0,0833333333333	0,0666666666667	
645	0,0833333333333	0,0666666666667	
646	0,0833333333333	0,0666666666667	
647	0,0833333333333	0,0666666666667	
648	0,0833333333333	0,0666666666667	
649	0,0833333333333	0,0666666666667	
650	0,0833333333333	0,0666666666667	
651	0,0833333333333	0,0666666666667	
652	0,0833333333333	0,0666666666667	
653	0,0833333333333	0,0666666666667	
654	0,0833333333333	0,0666666666667	
655	0,0833333333333	0,0666666666667	
656	0,0833333333333	0,0666666666667	
657	0,0833333333333	0,0666666666667	
658	0,0833333333333	0,0666666666667	
659	0,0833333333333	0,0666666666667	
660	0,0833333333333	0,0666666666667	
661	0,0833333333333	0,0666666666667	
662	0,0833333333333	0,0666666666667	
663	0,0833333333333	0,0666666666667	
664	0,0833333333333	0,0666666666667	
665	0,0833333333333	0,0666666666667	
666	0,0833333333333	0,0666666666667	
667	0,0833333333333	0,0666666666667	
668	0,0833333333333	0,0666666666667	
669	0,0833333333333	0,0666666666667	
670	0,0833333333333	0,0666666666667	
671	0,0833333333333	0,0666666666667	
672	0,0833333333333	0,0666666666667	
673	0,0833333333333	0,0666666666667	
674	0,0833333333333	0,0666666666667	
675	0,0833333333333	0,0666666666667	
676	0,0833333333333	0,0666666666667	
677	0,0833333333333	0,0666666666667	
678	0,0833333333333	0,0666666666667	
679	0,0833333333333	0,0666666666667	
680	0,0833333333333	0,0666666666667	
681	0,0833333333333	0,0666666666667	
682	0,0833333333333	0,0666666666667	
683	0,0833333333333	0,0666666666667	
684	0,0833333333333	0,0666666666667	
685	0,0833333333333	0,0666666666667	
686	0,0833333333333	0,0666666666667	
687	0,0833333333333	0,0666666666667	
688	0,0833333333333	0,0666666666667	
689	0,0833333333333	0,0666666666667	
690	0,0833333333333	0,0666666666667	
691	0,0833333333333	0,0666666666667	
692	0,0833333333333	0,0666666666667	
693	0,0833333333333	0,0666666666667	
694	0,0833333333333	0,0666666666667	
695	0,0833333333333	0,0666666666667	
696	0,0833333333333	0,0666666666667	
697	0,0833333333333	0,0666666666667	
698	0,0833333333333	0,0666666666667	
699	0,0833333333333	0,0666666666667	
700	0,0833333333333	0,0666666666667	
701	0,0833333333333	0,0666666666667	
702	0,0833333333333	0,0666666666667	
703	0,0833333333333	0,0666666666667	
704	0,0833333333333	0,0666666666667	
705	0,0833333333333	0,0666666666667	
706	0,0833333333333	0,0666666666667	
707	0,0833333333333	0,0666666666667	
708	0,0833333333333	0,0666666666667	
709	0,0833333333333	0,0666666666667	
710	0,0833333333333	0,0666666666667	
711	0,0833333333333	0,0666666666667	
712	0,0833333333333	0,0666666666667	
713	0,0833333333333	0,0666666666667	
714	0,0833333333333	0,0666666666667	
715	0,0833333333333	0,0666666666667	
716	0,0833333333333	0,0666666666667	
717	0,0833333333333	0,0666666666667	
718	0,0833333333333	0,0666666666667	
719	0,0833333333333	0,0666666666667	
720	0,0833333333333	0,0666666666667	
721	0,0833333333333	0,0666666666667	
722	0,0833333333333	0,0666666666667	
723	0,0833333333333	0,0666666666667	
724	0,0833333333333	0,0666666666667	
725	0,0833333333333	0,0666666666667	
726	0,0833333333333	0,0666666666667	
727	0,0833333333333	0,0666666666667	
728	0,0833333333333	0,0666666666667	
729	0,0833333333333	0,0666666666667	
730	0,0833333333333	0,0666666666667	
731	0,0833333333333	0,0666666666667	
732	0,0833333333333	0,0666666666667	
733	0,0833333333333	0,0666666666667	
734	0,0833333333333	0,0666666666667	
735	0,0833333333333	0,0666666666667	
736	0,0833333333333	0,0666666666667	
737	0,0833333333333	0,0666666666667	
738	0,0833333333333	0,0666666666667	
739	0,0833333333333	0,0666666666667	
740	0,0833333333333	0,0666666666667	
741	0,0833333333333	0,0666666666667	
742	0,0833333333333	0,0666666666667	
743	0,0833333333333	0,0666666666667	
744	0,0833333333333	0,0666666666667	
745	0,0833333333333	0,0666666666667	
746	0,0833333333333	0,0666666666667	
747	0,0833333333333	0,0666666666667	
748	0,0833333333333	0,0666666666667	
749	0,0833333333333	0,0666666666667	
750	0,0833333333333	0,0666666666667	
751	0,0833333333333	0,0666666666667	
752	0,0833333333333	0,0666666666667	
753	0,0833333333333	0,0666666666667	
754	0,0833333333333	0,0666666666667	
755	0,0833333333333	0,0666666666667	
756	0,0833333333333	0,0666666666667	
757	0,0833333333333	0,0666666666667	
758	0,0833333333333	0,0666666666667	
759	0,0833333333333	0,0666666666667	
760	0,0833333333333	0,0666666666667	
761	0,0833333333333	0,0666666666667	
762	0,0833333333333	0,0666666666667	
763	0,0833333333333	0,0666666666667	
764	0,0833333333333	0,0666666666667	
765	0,0833333333333	0,0666666666667	
766	0,0833333333333	0,0666666666667	
767	0,0833333333333	0,0666666666667	
768	0,0833333333333	0,0666666666667	
769	0,0833333333333	0,0666666666667	
770	0,0833333333333	0,0666666666667	
771	0,0833333333333	0,0666666666667	
772	0,0833333333333	0,0666666666667	
773	0,0833333333333	0,0666666666667	
774	0,0833333333333	0,0666666666667	
775	0,0833333333333	0,0666666666667	
776	0,0833333333333	0,0666666666667	
777	0,0833333333333	0,0666666666667	
778	0,0833333333333	0,0666666666667	
779	0,0833333333333	0,0666666666667	
780	0,0833333333333	0,0666666666667	
781	0,0833333333333	0,0666666666667	
782	0,0833333333333	0,0666666666667	
783	0,0833333333333	0,0666666666667	
784	0,0833333333333	0,0666666666667	
785	0,0833333333333	0,0666666666667	
786	0,0833333333333	0,0666666666667	
787	0,0833333333333	0,0666666666667	
788	0,0833333333333	0,0666666666667	
789	0,0833333333333	0,0666666666667	
790	0,0833333333333	0,0666666666667	
791	0,0833333333333	0,0666666666667	
792	0,0833333333333	0,0666666666667	
793	0,0833333333333	0,0666666666667	
794	0,0833333333333	0,0666666666667	
795	0,0833333333333	0,0666666666667	
796	0,0833333333333	0,0666666666667	
797	0,0833333333333	0,0666666666667	
798	0,0833333333333	0,0666666666667	
799	0,0833333333333	0,0666666666667	
800	0,0833333333333	0,0666666666667	
801	0,0833333333333	0,0666666666667	
802	0,0833333333333	0,0666666666667	
803	0,0833333333333	0,0666666666667	
804	0,0833333333333	0,0666666666667	
805	0,0833333333333	0,0666666666667	
806	0,0833333333333	0,0666666666667	
807	0,0833333333333	0,0666666666667	
808	0,0833333333333	0,0666666666667	
809	0,0833333333333	0,0666666666667	
810	0,0833333333333	0,0666666666667	
811	0,0833333333333	0,0666666666667	
812	0,0833333333333	0,0666666666667	
813	0,0833333333333	0,0666666666667	
814	0,0833333333333	0,0666666666667	
815	0,0833333333333	0,0666666666667	
816	0,0833333333333	0,0666666666667	
817	0,0833333333333	0,0666666666667	
818	0,0833333333333	0,0666666666667	
819	0,0833333333333	0,0666666666667	
820	0,0833333333333	0,0666666666667	
821	0,0833333333333	0,0666666666667	
822	0,0833333333333	0,0666666666667	
823	0,0833333333333	0,0666666666667	
824	0,0833333333333	0,0666666666667	
825	0,0833333333333	0,0666666666667	
826	0,0833333333333	0,0666666666667	
827	0,0833333333333	0,0666666666667	
828	0,0833333333333	0,0666666666667	
829	0,0833333333333	0,0666666666667	
830	0,0833333333333	0,0666666666667	
831	0,0833333333333	0,0666666666667	
832	0,0833333333333	0,0666666666667	
833	0,0833333333333	0,0666666666667	
834	0,0833333333333	0,0666666666667	
835	0,0833333333333	0,0666666666667	
836	0,0833333333333	0,0666666666667	
837	0,0833333333333	0,0666666666667	
838	0,0833333333333	0,0666666666667	
839	0,0833333333333	0,0666666666667	
840	0,0833333333333	0,0666666666667	
841	0,0833333333333	0,0666666666667	
842	0,0833333333333	0,0666666666667	
843	0,0833333333333	0,0666666666667	
844	0,0833333333333	0,0666666666667	
845	0,0833333333333	0,0666666666667	
846	0,0833333333333	0,0666666666667	
847	0,0833333333333	0,0666666666667	
848	0,0833333333333	0,0666666666667	
849	0,0833333333333	0,0666666666667	
850	0,0833333333333	0,0666666666667	
851	0,0833333333333	0,0666666666667	
852	0,0833333333333	0,0666666666667	
853	0,0666666666667	0,0666666666667	
854	0,0666666666667	0,0666666666667	
855	0,0666666666667	0,0666666666667	
856	0,0666666666667	0,0666666666667	
857	0,0666666666667	0,0666666666667	
858	0,0666666666667	0,0666666666667	
859	0,0666666666667	0,0666666666667	
860	0,0666666666667	0,0666666666667	
861	0,0666666666667	0,0666666666667	
862	0,0666666666667	0,0666666666667	
863	0,0666666666667	0,0666666666667	
864	0,0666666666667	0,0666666666667	
865	0,0666666666667	0,0666666666667	
866	0,0666666666667	0,0666666666667	
867	0,0666666666667	0,0666666666667	
868	0,0666666666667	0,0666666666667	
869	0,0666666666667	0,0666666666667	
870	0,0666666666667	0,0666666666667	
871	0,0666666666667	0,0666666666667	
872	0,0666666666667	0,0666666666667	
873	0,0666666666667	0,0666666666667	
874	0,0666666666667	0,0666666666667	
875	0,0666666666667	0,0666666666667	
876	0,0666666666667	0,0666666666667	
877	0,0666666666667	0,0666666666667	
878	0,0666666666667	0,0666666666667	
879	0,0666666666667	0,0666666666667	
880	0,0666666666667	0,0666666666667	
881	0,0666666666667	0,0666666666667	
882	0,0666666666667	0,0666666666667	
883	0,0666666666667	0,0666666666667	
884	0,0666666666667	0,0666666666667	
885	0,0666666666667	0,0666666666667	
886	0,0666666666667	0,0666666666667	
887	0,0666666666667	0,0666666666667	
888	0,0666666666667	0,0666666666667	
889	0,0666666666667	0,0666666666667	
890	0,0666666666667	0,0666666666667	
891	0,0666666666667	0,0666666666667	
892	0,0666666666667	0,0666666666667	
893	0,0666666666667	0,0666666666667	
894	0,0666666666667	0,0666666666667	
895	0,0666666666667	0,0666666666667	
896	0,0666666666667	0,0666666666667	
897	0,0666666666667	0,0666666666667	
898	0,0666666666667	0,0666666666667	
899	0,0666666666667	0,0666666666667	
900	0,0666666666667	0,0666666666667	
901	0,0666666666667	0,0666666666667	
902	0,0666666666667	0,0666666666667	
903	0,0666666666667	0,0666666666667	
904	0,0666666666667	0,0666666666667	
905	0,0666666666667	0,0666666666667	
906	0,0666666666667	0,0666666666667	
907	0,0666666666667	0,0666666666667	
908	0,0666666666667	0,0666666666667	
909	0,0666666666667	0,0666666666667	
910	0,0666666666667	0,0666666666667	
911	0,0666666666667	0,0666666666667	
912	0,0666666666667	0,0666666666667	
913	0,0666666666667	0,0666666666667	
914	0,0666666666667	0,0666666666667	
915	0,0666666666667	0,0666666666667	
916	0,0666666666667	0,0666666666667	
917	0,0666666666667	0,0666666666667	
918	0,0666666666667	0,0666666666667	
919	0,0666666666667	0,0666666666667	
920	0,0666666666667	0,0666666666667	
921	0,0666666666667	0,0666666666667	
922	0,0666666666667	0,0666666666667	
923	0,0666666666667	0,0666666666667	
924	0,0666666666667	0,0666666666667	
925	0,0666666666667	0,0666666666667	
926	0,0666666666667	0,0666666666667	
927	0,0666666666667	0,0666666666667	
928	0,0666666666667	0,0666666666667	
929	0,0666666666667	0,0666666666667	
930	0,0666666666667	0,0666666666667	
931	0,0666666666667	0,0666666666667	
932	0,0666666666667	0,0666666666667	
933	0,0666666666667	0,0666666666667	
934	0,0666666666667	0,0666666666667	
935	0,0666666666667	0,0666666666667	
936	0,0666666666667	0,0666666666667	
937	0,0666666666667	0,0666666666667	
938	0,0666666666667	0,0666666666667	
939	0,0666666666667	0,0666666666667	
940	0,0666666666667	0,0666666666667	
941	0,0666666666667	0,0666666666667	
942	0,0666666666667	0,0666666666667	
943	0,0666666666667	0,0666666666667	
944	0,0666666666667	0,0666666666667	
945	0,0666666666667	0,0666666666667	
946	0,0666666666667	0,0666666666667	
947	0,0666666666667	0,0666666666667	
948	0,0666666666667	0,0666666666667	
949	0,0666666666667	0,0666666666667	
950	0,0666666666667	0,0666666666667	
951	0,0666666666667	0,0666666666667	
952	0,0666666666667	0,0666666666667	
953	0,0666666666667	0,0666666666667	
954	0,0666666666667	0,0666666666667	
955	0,0666666666667	0,0666666666667	
956	0,0666666666667	0,0666666666667	
957	0,0666666666667	0,0666666666667	
958	0,0666666666667	0,0666666666667	
959	0,0666666666667	0,0666666666667	
960	0,0666666666667	0,0666666666667	
961	0,0666666666667	0,0666666666667	
962	0,0666666666667	0,0666666666667	
963	0,0666666666667	0,0666666666667	
964	0,0666666666667	0,0666666666667	
965	0,0666666666667	0,0666666666667	
966	0,0666666666667	0,0666666666667	
967	0,0666666666667	0,0666666666667	
968	0,0666666666667	0,0666666666667	
969	0,0666666666667	0,0666666666667	
970	0,0666666666667	0,0666666666667	
971	0,0666666666667	0,0666666666667	
972	0,0666666666667	0,0666666666667	
973	0,0666666666667	0,0666666666667	
974	0,0666666666667	0,0666666666667	
975	0,0666666666667	0,0666666666667	
976	0,0666666666667	0,0666666666667	
977	0,0666666666667	0,0666666666667	
978	0,0666666666667	0,0666666666667	
979	0,0666666666667	0,0666666666667	
980	0,0666666666667	0,0666666666667	
981	0,0666666666667	0,0666666666667	
982	0,0666666666667	0,0666666666667	
983	0,0666666666667	0,0666666666667	
984	0,0666666666667	0,0666666666667	
985	0,0666666666667	0,0666666666667	
986	0,0666666666667	0,0666666666667	
987	0,0666666666667	0,0666666666667	
988	0,0666666666667	0,0666666666667	
989	0,0666666666667	0,0666666666667	
990	0,0666666666667	0,0666666666667	
991	0,0666666666667	0,0666666666667	
992	0,0666666666667	0,0666666666667	
993	0,0666666666667	0,0666666666667	
994	0,0666666666667	0,0666666666667	
995	0,0666666666667	0,0666666666667	
996	0,0666666666667	0,0666666666667	
997	0,0666666666667	0,0666666666667	
998	0,0666666666667	0,0666666666667	
999	0,0666666666667	0,0666666666667	
